1603
0.2
-1.34106 2.07934 -0.738402
1 0 0
0.2
-1.34106 2.07934 -0.738402
1 0 0
0.2
-1.34106 2.07934 -0.738402
1 0 0
0.2
-1.34106 2.07934 -0.738402
1 0 0
0.2
-1.34106 2.07934 -0.738402
1 0 0
0.2
-1.34106 2.07934 -0.738402
1 0 0
0.2
-1.34106 2.07934 -0.738402
1 0 0
0.2
-1.34106 2.07934 -0.738402
1 0 0
0.2
-1.34106 2.07934 -0.738402
1 0 0
0.2
-1.34106 2.07934 -0.738402
1 0 0
0.2
-1.34106 2.07934 -0.738402
1 0 0
0.2
-1.34106 2.07934 -0.738402
1 0 0
0.2
-1.34106 2.07934 -0.738402
1 0 0
0.2
-1.34106 2.07934 -0.738402
1 0 0
0.2
-1.34106 2.07934 -0.738402
1 0 0
0.2
-1.34106 2.07934 -0.738402
1 0 0
0.2
-1.34106 2.07934 -0.738402
1 0 0
0.2
-1.34106 2.07934 -0.738402
1 0 0
0.2
-1.34106 2.07934 -0.738402
1 0 0
0.2
-1.34106 2.07934 -0.738402
1 0 0
0.2
-1.34106 2.07934 -0.738402
1 0 0
0.2
-1.34106 2.07934 -0.738402
1 0 0
0.2
-1.34106 2.07934 -0.738402
1 0 0
0.2
-1.34106 2.07934 -0.738402
1 0 0
0.2
-1.34106 2.07934 -0.738402
1 0 0
0.2
-1.34106 2.07934 -0.738402
1 0 0
0.2
-1.34106 2.07934 -0.738402
1 0 0
0.2
-1.34106 2.07934 -0.738402
1 0 0
0.2
-1.34106 2.07934 -0.738402
1 0 0
0.2
-1.34106 2.07934 -0.738402
1 0 0
0.2
-1.34106 2.07934 -0.738402
1 0 0
0.2
-1.34106 2.07934 -0.738402
1 0 0
0.2
-1.34106 2.07934 -0.738402
1 0 0
0.2
-1.34106 2.07934 -0.738402
1 0 0
0.2
-1.34106 2.07934 -0.738402
1 0 0
0.2
-1.34106 2.07934 -0.738402
1 0 0
0.2
-1.34106 2.07934 -0.738402
1 0 0
0.2
-1.34106 2.07934 -0.738402
1 0 0
0.2
-1.34106 2.07934 -0.738402
1 0 0
0.2
-1.34106 2.07934 -0.738402
1 0 0
0.2
-1.34106 2.07934 -0.738402
1 0 0
0.2
-1.34106 2.07934 -0.738402
1 0 0
0.2
-1.34106 2.07934 -0.738402
1 0 0
0.2
-1.34106 2.07934 -0.738402
1 0 0
0.2
-1.34106 2.07934 -0.738402
1 0 0
0.2
-1.34106 2.07934 -0.738402
1 0 0
0.2
-1.34106 2.07934 -0.738402
1 0 0
0.2
-1.34106 2.07934 -0.738402
1 0 0
0.2
-1.34106 2.07934 -0.738402
1 0 0
0.2
-1.34106 2.07934 -0.738402
1 0 0
0.2
-1.34106 2.07934 -0.738402
1 0 0
0.2
-1.34106 2.07934 -0.738402
1 0 0
0.2
-1.34106 2.07934 -0.738402
1 0 0
0.2
-1.34106 2.07934 -0.738402
1 0 0
0.2
-1.34409 2.07106 -0.727085
1 0 0
0.2
-1.34409 2.07106 -0.727085
1 0 0
0.2
-1.35127 2.07106 -0.719911
1 0 0
0.2
-1.35127 2.07106 -0.719911
1 0 0
0.2
-1.35844 2.07106 -0.712736
1 0 0
0.2
-1.35844 2.07106 -0.712736
1 0 0
0.2
-1.35844 2.07106 -0.712736
1 0 0
0.2
-1.36561 2.07106 -0.705562
1 0 0
0.2
-1.36561 2.07106 -0.705562
1 0 0
0.2
-1.36561 2.07106 -0.705562
1 0 0
0.2
-1.36147 2.06277 -0.701419
1 0 0
0.2
-1.36147 2.06277 -0.701419
1 0 0
0.2
-1.36865 2.06277 -0.694245
1 0 0
0.2
-1.3645 2.05449 -0.690103
1 0 0
0.2
-1.3645 2.05449 -0.690103
1 0 0
0.2
-1.3645 2.05449 -0.690103
1 0 0
0.2
-1.37168 2.05449 -0.682928
1 0 0
0.2
-1.36754 2.0462 -0.678786
1 0 0
0.2
-1.36754 2.0462 -0.678786
1 0 0
0.2
-1.36754 2.0462 -0.678786
1 0 0
0.2
-1.36754 2.0462 -0.678786
1 0 0
0.2
-1.36754 2.0462 -0.678786
1 0 0
0.2
-1.37471 2.0462 -0.671611
1 0 0
0.2
-1.37471 2.0462 -0.671611
1 0 0
0.2
-1.37471 2.0462 -0.671611
1 0 0
0.2
-1.37471 2.0462 -0.671611
1 0 0
0.2
-1.37471 2.0462 -0.671611
1 0 0
0.2
-1.37057 2.03792 -0.667469
1 0 0
0.2
-1.37057 2.03792 -0.667469
1 0 0
0.2
-1.37057 2.03792 -0.667469
1 0 0
0.2
-1.36643 2.02963 -0.663327
1 0 0
0.2
-1.36643 2.02963 -0.663327
1 0 0
0.2
-1.35814 2.01307 -0.655043
1 0 0
0.2
-1.35814 2.01307 -0.655043
1 0 0
0.2
-1.354 2.00478 -0.650901
1 0 0
0.2
-1.34986 1.9965 -0.646758
1 0 0
0.2
-1.34157 1.97993 -0.638474
1 0 0
0.2
-1.33743 1.97164 -0.634332
1 0 0
0.2
-1.32915 1.95507 -0.626047
1 0 0
0.2
-1.32915 1.95507 -0.626047
1 0 0
0.2
-1.32501 1.94679 -0.621905
1 0 0
0.2
-1.31258 1.92194 -0.609479
1 0 0
0.2
-1.30844 1.91365 -0.605336
1 0 0
0.2
-1.30015 1.89708 -0.597052
1 0 0
0.2
-1.29187 1.88052 -0.588768
1 0 0
0.2
-1.28773 1.87223 -0.584625
1 0 0
0.2
-1.27944 1.85566 -0.576341
1 0 0
0.2
-1.27116 1.83909 -0.568057
1 0 0
0.2
-1.26701 1.83081 -0.563915
1 0 0
0.2
-1.25045 1.79767 -0.547346
1 0 0
0.2
-1.2463 1.78939 -0.543204
1 0 0
0.2
-1.23802 1.77282 -0.534919
1 0 0
0.2
-1.22145 1.73968 -0.51835
1 0 0
0.2
-1.21317 1.72311 -0.510066
1 0 0
0.2
-1.1966 1.68997 -0.493497
1 0 0
0.2
-1.18417 1.66512 -0.481071
1 0 0
0.2
-1.15518 1.60713 -0.452075
1 0 0
0.2
-1.14689 1.59056 -0.443791
1 0 0
0.2
-1.12921 1.54086 -0.411763
1 0 0
0.2
-1.12396 1.516 -0.392162
1 0 0
0.2
-1.12285 1.49943 -0.376703
1 0 0
0.2
-1.09689 1.43316 -0.336391
1 0 0
0.2
-1.09467 1.40002 -0.305474
1 0 0
0.2
-1.0872 1.34203 -0.254955
1 0 0
0.2
-1.08194 1.31718 -0.235354
1 0 0
0.2
-1.08083 1.30061 -0.219895
1 0 0
0.2
-1.07255 1.28404 -0.21161
1 0 0
0.2
-1.07558 1.27576 -0.200294
1 0 0
0.2
-1.07144 1.26747 -0.196152
1 0 0
0.2
-1.0673 1.25919 -0.192009
1 0 0
0.2
-1.0673 1.25919 -0.192009
1 0 0
0.2
-1.06315 1.2509 -0.187867
1 0 0
0.2
-1.06315 1.2509 -0.187867
1 0 0
0.2
-1.06315 1.2509 -0.187867
1 0 0
0.2
-1.05901 1.24262 -0.183725
1 0 0
0.2
-1.05901 1.24262 -0.183725
1 0 0
0.2
-1.05901 1.24262 -0.183725
1 0 0
0.2
-1.06619 1.24262 -0.176551
1 0 0
0.2
-1.06619 1.24262 -0.176551
1 0 0
0.2
-1.06619 1.24262 -0.176551
1 0 0
0.2
-1.06619 1.24262 -0.176551
1 0 0
0.2
-1.06619 1.24262 -0.176551
1 0 0
0.2
-1.06619 1.24262 -0.176551
1 0 0
0.2
-1.06619 1.24262 -0.176551
1 0 0
0.2
-1.06619 1.24262 -0.176551
1 0 0
0.2
-1.06619 1.24262 -0.176551
1 0 0
0.2
-1.06204 1.23433 -0.172408
1 0 0
0.2
-1.06204 1.23433 -0.172408
1 0 0
0.2
-1.06204 1.23433 -0.172408
1 0 0
0.2
-1.06204 1.23433 -0.172408
1 0 0
0.2
-1.06204 1.23433 -0.172408
1 0 0
0.2
-1.0579 1.22605 -0.168266
1 0 0
0.2
-1.0579 1.22605 -0.168266
1 0 0
0.2
-1.05376 1.21776 -0.164124
1 0 0
0.2
-1.04659 1.21776 -0.171298
1 0 0
0.2
-1.03527 1.20948 -0.174331
1 0 0
0.2
-1.02092 1.20948 -0.18868
1 0 0
0.2
-1.02092 1.20948 -0.18868
1 0 0
0.2
-1.01678 1.2012 -0.184538
1 0 0
0.2
-1.00243 1.2012 -0.198886
1 0 0
0.2
-0.995255 1.2012 -0.206061
1 0 0
0.2
-0.98808 1.2012 -0.213235
1 0 0
0.2
-0.962415 1.19291 -0.230617
1 0 0
0.2
-0.940891 1.19291 -0.25214
1 0 0
0.2
-0.905019 1.19291 -0.288013
1 0 0
0.2
-0.905019 1.19291 -0.288013
1 0 0
0.2
-0.905019 1.19291 -0.288013
1 0 0
0.2
-0.905019 1.19291 -0.288013
1 0 0
0.2
-0.905019 1.19291 -0.288013
1 0 0
0.2
-0.905019 1.19291 -0.288013
1 0 0
0.2
-0.905019 1.19291 -0.288013
1 0 0
0.2
-0.905019 1.19291 -0.288013
1 0 0
0.2
-0.905019 1.19291 -0.288013
1 0 0
0.2
-0.905019 1.19291 -0.288013
1 0 0
0.2
-0.905019 1.19291 -0.288013
1 0 0
0.2
-0.905019 1.19291 -0.288013
1 0 0
0.2
-0.905019 1.19291 -0.288013
1 0 0
0.2
-0.905019 1.19291 -0.288013
1 0 0
0.2
-0.905019 1.19291 -0.288013
1 0 0
0.2
-0.905019 1.19291 -0.288013
1 0 0
0.2
-0.905019 1.19291 -0.288013
1 0 0
0.2
-0.905019 1.19291 -0.288013
1 0 0
0.2
-0.905019 1.19291 -0.288013
1 0 0
0.2
-0.905019 1.19291 -0.288013
1 0 0
0.2
-0.905019 1.19291 -0.288013
1 0 0
0.2
-0.905019 1.19291 -0.288013
1 0 0
0.2
-0.905019 1.19291 -0.288013
1 0 0
0.2
-0.905019 1.19291 -0.288013
1 0 0
0.2
-0.905019 1.19291 -0.288013
1 0 0
0.2
-0.905019 1.19291 -0.288013
1 0 0
0.2
-0.905019 1.19291 -0.288013
1 0 0
0.2
-0.905019 1.19291 -0.288013
1 0 0
0.2
-0.905019 1.19291 -0.288013
1 0 0
0.2
-0.900876 1.18463 -0.28387
1 0 0
0.2
-0.871881 1.12664 -0.254875
1 0 0
0.2
-0.842588 1.01065 -0.168186
1 0 0
0.2
-0.837336 0.985802 -0.148585
1 0 0
0.2
-0.8238 0.94438 -0.1207
1 0 0
0.2
-0.826832 0.936095 -0.109383
1 0 0
0.2
-0.810263 0.902958 -0.0928145
1 0 0
0.2
-0.809153 0.886389 -0.0773556
1 0 0
0.2
-0.800869 0.86982 -0.0690713
1 0 0
0.2
-0.795617 0.844967 -0.0494702
1 0 0
0.2
-0.787333 0.828398 -0.0411858
1 0 0
0.2
-0.78208 0.803545 -0.0215848
1 0 0
0.2
-0.780971 0.786977 -0.00612588
1 0 0
0.2
-0.776828 0.778692 -0.00198369
1 0 0
0.2
-0.776828 0.778692 -0.00198369
1 0 0
0.2
-0.771576 0.753839 0.0176174
1 0 0
0.2
-0.763292 0.73727 0.0259018
1 0 0
0.2
-0.766324 0.728986 0.0372184
1 0 0
0.2
-0.766324 0.728986 0.0372184
1 0 0
0.2
-0.762182 0.720701 0.0413606
1 0 0
0.2
-0.762182 0.720701 0.0413606
1 0 0
0.2
-0.762182 0.720701 0.0413606
1 0 0
0.2
-0.762182 0.720701 0.0413606
1 0 0
0.2
-0.762182 0.720701 0.0413606
1 0 0
0.2
-0.762182 0.720701 0.0413606
1 0 0
0.2
-0.762182 0.720701 0.0413606
1 0 0
0.2
-0.762182 0.720701 0.0413606
1 0 0
0.2
-0.762182 0.720701 0.0413606
1 0 0
0.2
-0.762182 0.720701 0.0413606
1 0 0
0.2
-0.75804 0.712417 0.0455028
1 0 0
0.2
-0.75804 0.712417 0.0455028
1 0 0
0.2
-0.753898 0.704133 0.049645
1 0 0
0.2
-0.740361 0.662711 0.0775305
1 0 0
0.2
-0.735109 0.637858 0.0971315
1 0 0
0.2
-0.721573 0.596436 0.125017
1 0 0
0.2
-0.712178 0.563298 0.14876
1 0 0
0.2
-0.708036 0.555014 0.152902
1 0 0
0.2
-0.708036 0.555014 0.152902
1 0 0
0.2
-0.708036 0.555014 0.152902
1 0 0
0.2
-0.708036 0.555014 0.152902
1 0 0
0.2
-0.708036 0.555014 0.152902
1 0 0
0.2
-0.708036 0.555014 0.152902
1 0 0
0.2
-0.708036 0.555014 0.152902
1 0 0
0.2
-0.708036 0.555014 0.152902
1 0 0
0.2
-0.708036 0.555014 0.152902
1 0 0
0.2
-0.708036 0.555014 0.152902
1 0 0
0.2
-0.708036 0.555014 0.152902
1 0 0
0.2
-0.712178 0.563298 0.14876
1 0 0
0.2
-0.716321 0.571582 0.144618
1 0 0
0.2
-0.716321 0.571582 0.144618
1 0 0
0.2
-0.720463 0.579867 0.140476
1 0 0
0.2
-0.720463 0.579867 0.140476
1 0 0
0.2
-0.720463 0.579867 0.140476
1 0 0
0.2
-0.724605 0.588151 0.136334
1 0 0
0.2
-0.724605 0.588151 0.136334
1 0 0
0.2
-0.724605 0.588151 0.136334
1 0 0
0.2
-0.724605 0.588151 0.136334
1 0 0
0.2
-0.724605 0.588151 0.136334
1 0 0
0.2
-0.728747 0.596436 0.132191
1 0 0
0.2
-0.728747 0.596436 0.132191
1 0 0
0.2
-0.728747 0.596436 0.132191
1 0 0
0.2
-0.728747 0.596436 0.132191
1 0 0
0.2
-0.728747 0.596436 0.132191
1 0 0
0.2
-0.717728 0.646142 0.0714659
1 0 0
0.2
-0.717728 0.646142 0.0714659
1 0 0
0.2
-0.717728 0.646142 0.0714659
1 0 0
0.2
-0.717728 0.646142 0.0714659
1 0 0
0.2
-0.717728 0.646142 0.0714659
1 0 0
0.2
-0.717728 0.646142 0.0714659
1 0 0
0.2
-0.717728 0.646142 0.0714659
1 0 0
0.2
-0.717728 0.646142 0.0714659
1 0 0
0.2
-0.717728 0.646142 0.0714659
1 0 0
0.2
-0.717728 0.646142 0.0714659
1 0 0
0.2
-0.717728 0.646142 0.0714659
1 0 0
0.2
-0.717728 0.646142 0.0714659
1 0 0
0.2
-0.717728 0.646142 0.0714659
1 0 0
0.2
-0.717728 0.646142 0.0714659
1 0 0
0.2
-0.717728 0.646142 0.0714659
1 0 0
0.2
-0.717728 0.646142 0.0714659
1 0 0
0.2
-0.717728 0.646142 0.0714659
1 0 0
0.2
-0.717728 0.646142 0.0714659
1 0 0
0.2
-0.717728 0.646142 0.0714659
1 0 0
0.2
-0.717728 0.646142 0.0714659
1 0 0
0.2
-0.717728 0.646142 0.0714659
1 0 0
0.2
-0.717728 0.646142 0.0714659
1 0 0
0.2
-0.717728 0.646142 0.0714659
1 0 0
0.2
-0.717728 0.646142 0.0714659
1 0 0
0.2
-0.717728 0.646142 0.0714659
1 0 0
0.2
-0.717728 0.646142 0.0714659
1 0 0
0.2
-0.717728 0.646142 0.0714659
1 0 0
0.2
-0.717728 0.646142 0.0714659
1 0 0
0.2
-0.717728 0.646142 0.0714659
1 0 0
0.2
-0.717728 0.646142 0.0714659
1 0 0
0.2
-0.717728 0.646142 0.0714659
1 0 0
0.2
-0.717728 0.646142 0.0714659
1 0 0
0.2
-0.717728 0.646142 0.0714659
1 0 0
0.2
-0.717728 0.646142 0.0714659
1 0 0
0.2
-0.717728 0.646142 0.0714659
1 0 0
0.2
-0.717728 0.646142 0.0714659
1 0 0
0.2
-0.717728 0.646142 0.0714659
1 0 0
0.2
-0.717728 0.646142 0.0714659
1 0 0
0.2
-0.717728 0.646142 0.0714659
1 0 0
0.2
-0.717728 0.646142 0.0714659
1 0 0
0.2
-0.717728 0.646142 0.0714659
1 0 0
0.2
-0.717728 0.646142 0.0714659
1 0 0
0.2
-0.717728 0.646142 0.0714659
1 0 0
0.2
-0.717728 0.646142 0.0714659
1 0 0
0.2
-0.717728 0.646142 0.0714659
1 0 0
0.2
-0.717728 0.646142 0.0714659
1 0 0
0.2
-0.717728 0.646142 0.0714659
1 0 0
0.2
-0.717728 0.646142 0.0714659
1 0 0
0.2
-0.717728 0.646142 0.0714659
1 0 0
0.2
-0.717728 0.646142 0.0714659
1 0 0
0.2
-0.717728 0.646142 0.0714659
1 0 0
0.2
-0.717728 0.646142 0.0714659
1 0 0
0.2
-0.717728 0.646142 0.0714659
1 0 0
0.2
-0.717728 0.646142 0.0714659
1 0 0
0.2
-0.717728 0.646142 0.0714659
1 0 0
0.2
-0.717728 0.646142 0.0714659
1 0 0
0.2
-0.717728 0.646142 0.0714659
1 0 0
0.2
-0.717728 0.646142 0.0714659
1 0 0
0.2
-0.717728 0.646142 0.0714659
1 0 0
0.2
-0.717728 0.646142 0.0714659
1 0 0
0.2
-0.717728 0.646142 0.0714659
1 0 0
0.2
-0.717728 0.646142 0.0714659
1 0 0
0.2
-0.717728 0.646142 0.0714659
1 0 0
0.2
-0.717728 0.646142 0.0714659
1 0 0
0.2
-0.717728 0.646142 0.0714659
1 0 0
0.2
-0.717728 0.646142 0.0714659
1 0 0
0.2
-0.717728 0.646142 0.0714659
1 0 0
0.2
-0.717728 0.646142 0.0714659
1 0 0
0.2
-0.717728 0.646142 0.0714659
1 0 0
0.2
-0.717728 0.646142 0.0714659
1 0 0
0.2
-0.717728 0.646142 0.0714659
1 0 0
0.2
-0.717728 0.646142 0.0714659
1 0 0
0.2
-0.717728 0.646142 0.0714659
1 0 0
0.2
-0.717728 0.646142 0.0714659
1 0 0
0.2
-0.717728 0.646142 0.0714659
1 0 0
0.2
-0.717728 0.646142 0.0714659
1 0 0
0.2
-0.717728 0.646142 0.0714659
1 0 0
0.2
-0.717728 0.646142 0.0714659
1 0 0
0.2
-0.717728 0.646142 0.0714659
1 0 0
0.2
-0.717728 0.646142 0.0714659
1 0 0
0.2
-0.717728 0.646142 0.0714659
1 0 0
0.2
-0.717728 0.646142 0.0714659
1 0 0
0.2
-0.717728 0.646142 0.0714659
1 0 0
0.2
-0.717728 0.646142 0.0714659
1 0 0
0.2
-0.717728 0.646142 0.0714659
1 0 0
0.2
-0.717728 0.646142 0.0714659
1 0 0
0.2
-0.717728 0.646142 0.0714659
1 0 0
0.2
-0.717728 0.646142 0.0714659
1 0 0
0.2
-0.717728 0.646142 0.0714659
1 0 0
0.2
-0.717728 0.646142 0.0714659
1 0 0
0.2
-0.717728 0.646142 0.0714659
1 0 0
0.2
-0.717728 0.646142 0.0714659
1 0 0
0.2
-0.717728 0.646142 0.0714659
1 0 0
0.2
-0.717728 0.646142 0.0714659
1 0 0
0.2
-0.717728 0.646142 0.0714659
1 0 0
0.2
-0.717728 0.646142 0.0714659
1 0 0
0.2
-0.717728 0.646142 0.0714659
1 0 0
0.2
-0.717728 0.646142 0.0714659
1 0 0
0.2
-0.717728 0.646142 0.0714659
1 0 0
0.2
-0.717728 0.646142 0.0714659
1 0 0
0.2
-0.717728 0.646142 0.0714659
1 0 0
0.2
-0.717728 0.646142 0.0714659
1 0 0
0.2
-0.717728 0.646142 0.0714659
1 0 0
0.2
-0.717728 0.646142 0.0714659
1 0 0
0.2
-0.717728 0.646142 0.0714659
1 0 0
0.2
-0.717728 0.646142 0.0714659
1 0 0
0.2
-0.717728 0.646142 0.0714659
1 0 0
0.2
-0.717728 0.646142 0.0714659
1 0 0
0.2
-0.717728 0.646142 0.0714659
1 0 0
0.2
-0.717728 0.646142 0.0714659
1 0 0
0.2
-0.717728 0.646142 0.0714659
1 0 0
0.2
-0.717728 0.646142 0.0714659
1 0 0
0.2
-0.717728 0.646142 0.0714659
1 0 0
0.2
-0.717728 0.646142 0.0714659
1 0 0
0.2
-0.717728 0.646142 0.0714659
1 0 0
0.2
-0.717728 0.646142 0.0714659
1 0 0
0.2
-0.717728 0.646142 0.0714659
1 0 0
0.2
-0.717728 0.646142 0.0714659
1 0 0
0.2
-0.717728 0.646142 0.0714659
1 0 0
0.2
-0.717728 0.646142 0.0714659
1 0 0
0.2
-0.717728 0.646142 0.0714659
1 0 0
0.2
-0.717728 0.646142 0.0714659
1 0 0
0.2
-0.717728 0.646142 0.0714659
1 0 0
0.2
-0.717728 0.646142 0.0714659
1 0 0
0.2
-0.717728 0.646142 0.0714659
1 0 0
0.2
-0.717728 0.646142 0.0714659
1 0 0
0.2
-0.717728 0.646142 0.0714659
1 0 0
0.2
-0.717728 0.646142 0.0714659
1 0 0
0.2
-0.717728 0.646142 0.0714659
1 0 0
0.2
-0.717728 0.646142 0.0714659
1 0 0
0.2
-0.88481 1.30576 -0.421065
1 0 0
0.2
-0.88481 1.30576 -0.421065
1 0 0
0.2
-0.877636 1.30576 -0.428239
1 0 0
0.2
-0.877636 1.30576 -0.428239
1 0 0
0.2
-0.877636 1.30576 -0.428239
1 0 0
0.2
-0.877636 1.30576 -0.428239
1 0 0
0.2
-0.877636 1.30576 -0.428239
1 0 0
0.2
-0.877636 1.30576 -0.428239
1 0 0
0.2
-0.877636 1.30576 -0.428239
1 0 0
0.2
-0.877636 1.30576 -0.428239
1 0 0
0.2
-0.877636 1.30576 -0.428239
1 0 0
0.2
-0.877636 1.30576 -0.428239
1 0 0
0.2
-0.877636 1.30576 -0.428239
1 0 0
0.2
-0.877636 1.30576 -0.428239
1 0 0
0.2
-0.877636 1.30576 -0.428239
1 0 0
0.2
-0.877636 1.30576 -0.428239
1 0 0
0.2
-0.877636 1.30576 -0.428239
1 0 0
0.2
-0.877636 1.30576 -0.428239
1 0 0
0.2
-0.877636 1.30576 -0.428239
1 0 0
0.2
-0.877636 1.30576 -0.428239
1 0 0
0.2
-0.877636 1.30576 -0.428239
1 0 0
0.2
-0.877636 1.30576 -0.428239
1 0 0
0.2
-0.877636 1.30576 -0.428239
1 0 0
0.2
-0.877636 1.30576 -0.428239
1 0 0
0.2
-0.834589 1.30576 -0.471286
1 0 0
0.2
-0.813065 1.30576 -0.49281
1 0 0
0.2
-0.805891 1.30576 -0.499984
1 0 0
0.2
-0.791542 1.30576 -0.514333
1 0 0
0.2
-0.777193 1.30576 -0.528682
1 0 0
0.2
-0.762844 1.30576 -0.543031
1 0 0
0.2
-0.748495 1.30576 -0.55738
1 0 0
0.2
-0.726972 1.30576 -0.578904
1 0 0
0.2
-0.719797 1.30576 -0.586078
1 0 0
0.2
-0.719797 1.30576 -0.586078
1 0 0
0.2
-0.712623 1.30576 -0.593253
1 0 0
0.2
-0.712623 1.30576 -0.593253
1 0 0
0.2
-0.705448 1.30576 -0.600427
1 0 0
0.2
-0.701306 1.29747 -0.596285
1 0 0
0.2
-0.694131 1.29747 -0.603459
1 0 0
0.2
-0.679782 1.29747 -0.617808
1 0 0
0.2
-0.668466 1.28919 -0.620841
1 0 0
0.2
-0.668466 1.28919 -0.620841
1 0 0
0.2
-0.668466 1.28919 -0.620841
1 0 0
0.2
-0.668466 1.28919 -0.620841
1 0 0
0.2
-0.668466 1.28919 -0.620841
1 0 0
0.2
-0.661291 1.28919 -0.628015
1 0 0
0.2
-0.646942 1.28919 -0.642364
1 0 0
0.2
-0.639768 1.28919 -0.649539
1 0 0
0.2
-0.639768 1.28919 -0.649539
1 0 0
0.2
-0.628451 1.2809 -0.652571
1 0 0
0.2
-0.628451 1.2809 -0.652571
1 0 0
0.2
-0.628451 1.2809 -0.652571
1 0 0
0.2
-0.628451 1.2809 -0.652571
1 0 0
0.2
-0.628451 1.2809 -0.652571
1 0 0
0.2
-0.621277 1.2809 -0.659745
1 0 0
0.2
-0.621277 1.2809 -0.659745
1 0 0
0.2
-0.614102 1.2809 -0.66692
1 0 0
0.2
-0.614102 1.2809 -0.66692
1 0 0
0.2
-0.606928 1.2809 -0.674094
1 0 0
0.2
-0.592579 1.2809 -0.688443
1 0 0
0.2
-0.57823 1.2809 -0.702792
1 0 0
0.2
-0.57823 1.2809 -0.702792
1 0 0
0.2
-0.57823 1.2809 -0.702792
1 0 0
0.2
-0.57823 1.2809 -0.702792
1 0 0
0.2
-0.886457 2.0265 -1.14016
1 0 0
0.2
-0.886457 2.0265 -1.14016
1 0 0
0.2
-0.886457 2.0265 -1.14016
1 0 0
0.2
-0.886457 2.0265 -1.14016
1 0 0
0.2
-0.886457 2.0265 -1.14016
1 0 0
0.2
-0.886457 2.0265 -1.14016
1 0 0
0.2
-0.886457 2.0265 -1.14016
1 0 0
0.2
-0.886457 2.0265 -1.14016
1 0 0
0.2
-0.886457 2.0265 -1.14016
1 0 0
0.2
-0.886457 2.0265 -1.14016
1 0 0
0.2
-0.886457 2.0265 -1.14016
1 0 0
0.2
-0.886457 2.0265 -1.14016
1 0 0
0.2
-0.886457 2.0265 -1.14016
1 0 0
0.2
-0.886457 2.0265 -1.14016
1 0 0
0.2
-0.886457 2.0265 -1.14016
1 0 0
0.2
-0.886457 2.0265 -1.14016
1 0 0
0.2
-0.337032 1.21463 -0.877715
1 0 0
0.2
-0.33289 1.20634 -0.873573
1 0 0
0.2
-0.33289 1.20634 -0.873573
1 0 0
0.2
-0.33289 1.20634 -0.873573
1 0 0
0.2
-0.33289 1.20634 -0.873573
1 0 0
0.2
-0.33289 1.20634 -0.873573
1 0 0
0.2
-0.33289 1.20634 -0.873573
1 0 0
0.2
-0.33289 1.20634 -0.873573
1 0 0
0.2
-0.33289 1.20634 -0.873573
1 0 0
0.2
-0.33289 1.20634 -0.873573
1 0 0
0.2
-0.239382 0.560161 -0.320898
1 0 0
0.2
-0.243525 0.568445 -0.32504
1 0 0
0.2
-0.247667 0.576729 -0.329183
1 0 0
0.2
-0.251809 0.585014 -0.333325
1 0 0
0.2
-0.255951 0.593298 -0.337467
1 0 0
0.2
-0.260093 0.601583 -0.341609
1 0 0
0.2
-0.260093 0.601583 -0.341609
1 0 0
0.2
-0.260093 0.601583 -0.341609
1 0 0
0.2
-0.260093 0.601583 -0.341609
1 0 0
0.2
-0.260093 0.601583 -0.341609
1 0 0
0.2
-0.260093 0.601583 -0.341609
1 0 0
0.2
-0.260093 0.601583 -0.341609
1 0 0
0.2
-0.260093 0.601583 -0.341609
1 0 0
0.2
-0.260093 0.601583 -0.341609
1 0 0
0.2
-0.260093 0.601583 -0.341609
1 0 0
0.2
-0.260093 0.601583 -0.341609
1 0 0
0.2
-0.260093 0.601583 -0.341609
1 0 0
0.2
-0.260093 0.601583 -0.341609
1 0 0
0.2
-0.260093 0.601583 -0.341609
1 0 0
0.2
-0.260093 0.601583 -0.341609
1 0 0
0.2
-0.260093 0.601583 -0.341609
1 0 0
0.2
-0.260093 0.601583 -0.341609
1 0 0
0.2
-0.260093 0.601583 -0.341609
1 0 0
0.2
-0.260093 0.601583 -0.341609
1 0 0
0.2
-0.260093 0.601583 -0.341609
1 0 0
0.2
-0.323873 1.44659 -1.12284
1 0 0
0.2
-0.404438 2.16733 -1.76301
1 0 0
0.2
-0.416865 2.19218 -1.77544
1 0 0
0.2
-0.421007 2.20047 -1.77958
1 0 0
0.2
-0.421007 2.20047 -1.77958
1 0 0
0.2
-0.421007 2.20047 -1.77958
1 0 0
0.2
-0.449705 2.20047 -1.75088
1 0 0
0.2
-0.471228 2.20047 -1.72936
1 0 0
0.2
-0.471228 2.20047 -1.72936
1 0 0
0.2
-0.485577 2.20047 -1.71501
1 0 0
0.2
-0.507101 2.20047 -1.69349
1 0 0
0.2
-0.513165 2.1839 -1.67085
1 0 0
0.2
-0.529437 2.15905 -1.62973
1 0 0
0.2
-0.538534 2.13419 -1.59578
1 0 0
0.2
-0.56087 2.09277 -1.53202
1 0 0
0.2
-0.578251 2.08449 -1.50636
1 0 0
0.2
-0.595632 2.0762 -1.48069
1 0 0
0.2
-0.605839 2.06792 -1.4622
1 0 0
0.2
-0.608871 2.05963 -1.45088
1 0 0
0.2
-0.608871 2.05963 -1.45088
1 0 0
0.2
-0.608871 2.05963 -1.45088
1 0 0
0.2
-0.611904 2.05135 -1.43957
1 0 0
0.2
-0.626253 2.05135 -1.42522
1 0 0
0.2
-0.626253 2.05135 -1.42522
1 0 0
0.2
-0.626253 2.05135 -1.42522
1 0 0
0.2
-0.626253 2.05135 -1.42522
1 0 0
0.2
-0.626253 2.05135 -1.42522
1 0 0
0.2
-0.626253 2.05135 -1.42522
1 0 0
0.2
-0.626253 2.05135 -1.42522
1 0 0
0.2
-0.626253 2.05135 -1.42522
1 0 0
0.2
-0.626253 2.05135 -1.42522
1 0 0
0.2
-0.626253 2.05135 -1.42522
1 0 0
0.2
-0.76133 1.96687 -1.25488
1 0 0
0.2
-0.76133 1.96687 -1.25488
1 0 0
0.2
-0.76133 1.96687 -1.25488
1 0 0
0.2
-0.76133 1.96687 -1.25488
1 0 0
0.2
-0.76133 1.96687 -1.25488
1 0 0
0.2
-0.76133 1.96687 -1.25488
1 0 0
0.2
-0.76133 1.96687 -1.25488
1 0 0
0.2
-0.76133 1.96687 -1.25488
1 0 0
0.2
-0.76133 1.96687 -1.25488
1 0 0
0.2
-0.76133 1.96687 -1.25488
1 0 0
0.2
-0.76133 1.96687 -1.25488
1 0 0
0.2
-0.76133 1.96687 -1.25488
1 0 0
0.2
-0.76133 1.96687 -1.25488
1 0 0
0.2
-0.76133 1.96687 -1.25488
1 0 0
0.2
-0.76133 1.96687 -1.25488
1 0 0
0.2
-0.76133 1.96687 -1.25488
1 0 0
0.2
-0.76133 1.96687 -1.25488
1 0 0
0.2
-0.76133 1.96687 -1.25488
1 0 0
0.2
-0.76133 1.96687 -1.25488
1 0 0
0.2
-0.76133 1.96687 -1.25488
1 0 0
0.2
-0.76133 1.96687 -1.25488
1 0 0
0.2
-0.75695 1.95836 -1.25075
1 0 0
0.2
-0.756095 1.94051 -1.23582
1 0 0
0.2
-0.747334 1.92349 -1.22757
1 0 0
0.2
-0.742099 1.89713 -1.20852
1 0 0
0.2
-0.736865 1.87076 -1.18946
1 0 0
0.2
-0.740391 1.86142 -1.17865
1 0 0
0.2
-0.73601 1.85291 -1.17453
1 0 0
0.2
-0.73601 1.85291 -1.17453
1 0 0
0.2
-0.73601 1.85291 -1.17453
1 0 0
0.2
-0.73163 1.8444 -1.1704
1 0 0
0.2
-0.717634 1.80102 -1.1431
1 0 0
0.2
-0.711545 1.75681 -1.10911
1 0 0
0.2
-0.693168 1.70492 -1.07768
1 0 0
0.2
-0.687933 1.67856 -1.05862
1 0 0
0.2
-0.667848 1.59096 -0.997328
1 0 0
0.2
-0.631949 1.50503 -0.949406
1 0 0
0.2
-0.617953 1.46165 -0.922102
1 0 0
0.2
-0.600431 1.42761 -0.905608
1 0 0
0.2
-0.59605 1.4191 -0.901484
1 0 0
0.2
-0.59605 1.4191 -0.901484
1 0 0
0.2
-0.59605 1.4191 -0.901484
1 0 0
0.2
-0.59605 1.4191 -0.901484
1 0 0
0.2
-0.59605 1.4191 -0.901484
1 0 0
0.2
-0.59605 1.4191 -0.901484
1 0 0
0.2
-0.59605 1.4191 -0.901484
1 0 0
0.2
-0.59605 1.4191 -0.901484
1 0 0
0.2
-0.59605 1.4191 -0.901484
1 0 0
0.2
-0.59605 1.4191 -0.901484
1 0 0
0.2
-0.59605 1.4191 -0.901484
1 0 0
0.2
-0.59605 1.4191 -0.901484
1 0 0
0.2
-0.59605 1.4191 -0.901484
1 0 0
0.2
-0.59605 1.4191 -0.901484
1 0 0
0.2
-0.59605 1.4191 -0.901484
1 0 0
0.2
-0.59605 1.4191 -0.901484
1 0 0
0.2
-0.59605 1.4191 -0.901484
1 0 0
0.2
-0.578528 1.38505 -0.88499
1 0 0
0.2
-0.544337 1.33482 -0.866935
1 0 0
0.2
-0.513673 1.27525 -0.838071
1 0 0
0.2
-0.504912 1.25823 -0.829824
1 0 0
0.2
-0.447964 1.14759 -0.776218
1 0 0
0.2
-0.426061 1.10504 -0.755601
1 0 0
0.2
-0.408539 1.071 -0.739106
1 0 0
0.2
-0.37702 0.993576 -0.695308
1 0 0
0.2
-0.367405 0.958705 -0.672128
1 0 0
0.2
-0.352555 0.897472 -0.62989
1 0 0
0.2
-0.334178 0.84558 -0.598462
1 0 0
0.2
-0.333324 0.827729 -0.583529
1 0 0
0.2
-0.333324 0.827729 -0.583529
1 0 0
0.2
-0.328943 0.819219 -0.579405
1 0 0
0.2
-0.305332 0.740965 -0.528921
1 0 0
0.2
-0.272959 0.645691 -0.470189
1 0 0
0.2
-0.268579 0.637181 -0.466065
1 0 0
0.2
-0.268579 0.637181 -0.466065
1 0 0
0.2
-0.246676 0.594629 -0.445448
1 0 0
0.2
-0.240587 0.550417 -0.411457
1 0 0
0.2
-0.216975 0.472164 -0.360972
1 0 0
0.2
-0.198599 0.420272 -0.329545
1 0 0
0.2
-0.202125 0.410931 -0.318735
1 0 0
0.2
-0.210032 0.410101 -0.312048
1 0 0
0.2
-0.210032 0.410101 -0.312048
1 0 0
0.2
-0.210032 0.410101 -0.312048
1 0 0
0.2
-0.210032 0.410101 -0.312048
1 0 0
0.2
-0.210032 0.410101 -0.312048
1 0 0
0.2
-0.214413 0.418612 -0.316172
1 0 0
0.2
0.109929 1.86098 -1.81944
0 1 0
0.2
0.109929 1.86098 -1.81944
0 1 0
0.2
0.109929 1.86098 -1.81944
0 1 0
0.2
0.109929 1.86098 -1.81944
0 1 0
0.2
0.109929 1.86098 -1.81944
0 1 0
0.2
0.109929 1.86098 -1.81944
0 1 0
0.2
0.109929 1.86098 -1.81944
0 1 0
0.2
0.109929 1.86098 -1.81944
0 1 0
0.2
0.109929 1.86098 -1.81944
0 1 0
0.2
0.109929 1.86098 -1.81944
0 1 0
0.2
0.109929 1.86098 -1.81944
0 1 0
0.2
0.109929 1.86098 -1.81944
0 1 0
0.2
0.109929 1.86098 -1.81944
0 1 0
0.2
0.109929 1.86098 -1.81944
0 1 0
0.2
0.109929 1.86098 -1.81944
0 1 0
0.2
0.109929 1.86098 -1.81944
0 1 0
0.2
0.109929 1.86098 -1.81944
0 1 0
0.2
0.109929 1.86098 -1.81944
0 1 0
0.2
0.109929 1.86098 -1.81944
0 1 0
0.2
0.109929 1.86098 -1.81944
0 1 0
0.2
0.109929 1.86098 -1.81944
0 1 0
0.2
0.109929 1.86098 -1.81944
0 1 0
0.2
0.102022 1.86015 -1.81275
0 1 0
0.2
0.102022 1.86015 -1.81275
0 1 0
0.2
0.0941145 1.85932 -1.80607
0 1 0
0.2
0.0862075 1.85849 -1.79938
0 1 0
0.2
0.0905881 1.84998 -1.79526
0 1 0
0.2
0.0826811 1.84915 -1.78857
0 1 0
0.2
0.0914423 1.83212 -1.78032
0 1 0
0.2
0.0958229 1.82361 -1.7762
0 1 0
0.2
0.100204 1.8151 -1.77208
0 1 0
0.2
0.108965 1.79808 -1.76383
0 1 0
0.2
0.113345 1.78957 -1.7597
0 1 0
0.2
0.122107 1.77255 -1.75146
0 1 0
0.2
0.130868 1.75553 -1.74321
0 1 0
0.2
0.139629 1.73851 -1.73496
0 1 0
0.2
0.14401 1.73 -1.73084
0 1 0
0.2
0.152771 1.71298 -1.72259
0 1 0
0.2
0.161532 1.69596 -1.71435
0 1 0
0.2
0.170293 1.67894 -1.7061
0 1 0
0.2
0.192196 1.63639 -1.68548
0 1 0
0.2
0.21848 1.58532 -1.66074
0 1 0
0.2
0.244763 1.53426 -1.636
0 1 0
0.2
0.271047 1.4832 -1.61126
0 1 0
0.2
0.29733 1.43214 -1.58652
0 1 0
0.2
0.332375 1.36405 -1.55353
0 1 0
0.2
0.349898 1.33001 -1.53703
0 1 0
0.2
0.354278 1.3215 -1.53291
0 1 0
0.2
0.354278 1.3215 -1.53291
0 1 0
0.2
0.36742 1.29597 -1.52054
0 1 0
0.2
0.384088 1.27978 -1.51898
0 1 0
0.2
0.413044 1.25591 -1.51998
0 1 0
0.2
0.434093 1.23121 -1.5143
0 1 0
0.2
0.442 1.23204 -1.52099
0 1 0
0.2
0.442 1.23204 -1.52099
0 1 0
0.2
0.442 1.23204 -1.52099
0 1 0
0.2
0.449907 1.23287 -1.52767
0 1 0
0.2
0.449907 1.23287 -1.52767
0 1 0
0.2
0.449907 1.23287 -1.52767
0 1 0
0.2
0.449907 1.23287 -1.52767
0 1 0
0.2
0.449907 1.23287 -1.52767
0 1 0
0.2
0.449907 1.23287 -1.52767
0 1 0
0.2
0.449907 1.23287 -1.52767
0 1 0
0.2
0.457814 1.2337 -1.53436
0 1 0
0.2
0.457814 1.2337 -1.53436
0 1 0
0.2
0.457814 1.2337 -1.53436
0 1 0
0.2
0.462194 1.22519 -1.53023
0 1 0
0.2
0.466575 1.21668 -1.52611
0 1 0
0.2
0.470956 1.20817 -1.52199
0 1 0
0.2
0.475336 1.19966 -1.51786
0 1 0
0.2
0.479717 1.19115 -1.51374
0 1 0
0.2
0.484097 1.18264 -1.50962
0 1 0
0.2
0.488478 1.17412 -1.50549
0 1 0
0.2
0.492859 1.16561 -1.50137
0 1 0
0.2
0.492859 1.16561 -1.50137
0 1 0
0.2
0.497239 1.1571 -1.49725
0 1 0
0.2
0.497239 1.1571 -1.49725
0 1 0
0.2
0.497239 1.1571 -1.49725
0 1 0
0.2
0.497239 1.1571 -1.49725
0 1 0
0.2
0.497239 1.1571 -1.49725
0 1 0
0.2
0.497239 1.1571 -1.49725
0 1 0
0.2
0.505146 1.15793 -1.50393
0 1 0
0.2
0.513053 1.15876 -1.51062
0 1 0
0.2
0.513053 1.15876 -1.51062
0 1 0
0.2
0.52096 1.15959 -1.51731
0 1 0
0.2
0.528867 1.16042 -1.52399
0 1 0
0.2
0.532394 1.16976 -1.5348
0 1 0
0.2
0.540301 1.17059 -1.54149
0 1 0
0.2
0.53592 1.1791 -1.54561
0 1 0
0.2
0.539446 1.18844 -1.55642
0 1 0
0.2
0.566694 1.20028 -1.58729
0 1 0
0.2
0.573747 1.21896 -1.60891
0 1 0
0.2
0.593087 1.22996 -1.6331
0 1 0
0.2
0.615954 1.2503 -1.66809
0 1 0
0.2
0.63444 1.27915 -1.70721
0 1 0
0.2
0.655598 1.33519 -1.77207
0 1 0
0.2
0.675902 1.40908 -1.85186
0 1 0
0.2
0.67772 1.45412 -1.89254
0 1 0
0.2
0.689154 1.46429 -1.91003
0 1 0
0.2
0.684773 1.4728 -1.91416
0 1 0
0.2
0.698025 1.52802 -1.97233
0 1 0
0.2
0.700697 1.55521 -1.99807
0 1 0
0.2
0.694608 1.59942 -2.03206
0 1 0
0.2
0.699952 1.6538 -2.08355
0 1 0
0.2
0.694717 1.68016 -2.10261
0 1 0
0.2
0.694717 1.68016 -2.10261
0 1 0
0.2
0.689483 1.70652 -2.12167
0 1 0
0.2
0.687774 1.74223 -2.15153
0 1 0
0.2
0.687774 1.74223 -2.15153
0 1 0
0.2
0.687774 1.74223 -2.15153
0 1 0
0.2
0.687774 1.74223 -2.15153
0 1 0
0.2
0.687774 1.74223 -2.15153
0 1 0
0.2
0.687774 1.74223 -2.15153
0 1 0
0.2
0.69739 1.70735 -2.12835
0 1 0
0.2
0.683284 1.66999 -2.08511
0 1 0
0.2
0.677085 1.63346 -2.04856
0 1 0
0.2
0.655073 1.59527 -1.99863
0 1 0
0.2
0.64802 1.57659 -1.97701
0 1 0
0.2
0.621627 1.54691 -1.93121
0 1 0
0.2
0.611048 1.51889 -1.89878
0 1 0
0.2
0.600469 1.49087 -1.86635
0 1 0
0.2
0.590743 1.44499 -1.81898
0 1 0
0.2
0.581873 1.38127 -1.75669
0 1 0
0.2
0.602812 1.27583 -1.68046
0 1 0
0.2
0.612427 1.24096 -1.65728
0 1 0
0.2
0.622897 1.18823 -1.61916
0 1 0
0.2
0.624496 1.07179 -1.51875
0 1 0
0.2
0.624386 0.991046 -1.44821
0 1 0
0.2
0.604082 0.917154 -1.36841
0 1 0
0.2
0.576725 0.82458 -1.267
0 1 0
0.2
0.557385 0.81358 -1.24282
0 1 0
0.2
0.543279 0.776219 -1.19958
0 1 0
0.2
0.530028 0.721006 -1.1414
0 1 0
0.2
0.540497 0.668284 -1.10329
0 1 0
0.2
0.538679 0.623242 -1.06261
0 1 0
0.2
0.538679 0.623242 -1.06261
0 1 0
0.2
0.540388 0.587541 -1.03275
0 1 0
0.2
0.534189 0.55101 -0.996192
0 1 0
0.2
0.53857 0.542499 -0.992068
0 1 0
0.2
0.54295 0.533989 -0.987945
0 1 0
0.2
0.548185 0.507628 -0.968888
0 1 0
0.2
0.565708 0.473586 -0.952394
0 1 0
0.2
0.570088 0.465076 -0.94827
0 1 0
0.2
0.570088 0.465076 -0.94827
0 1 0
0.2
0.546367 0.462586 -0.928211
0 1 0
0.2
0.514739 0.459266 -0.901465
0 1 0
0.2
0.502452 0.466947 -0.898902
0 1 0
0.2
0.494545 0.466117 -0.892215
0 1 0
0.2
0.486638 0.465287 -0.885529
0 1 0
0.2
0.478731 0.464457 -0.878842
0 1 0
0.2
0.462917 0.462797 -0.865469
0 1 0
0.2
0.467297 0.454286 -0.861345
0 1 0
0.2
0.467297 0.454286 -0.861345
0 1 0
0.2
0.467297 0.454286 -0.861345
0 1 0
0.2
0.467297 0.454286 -0.861345
0 1 0
0.2
0.483111 0.455946 -0.874719
0 1 0
0.2
0.491018 0.456776 -0.881405
0 1 0
0.2
0.506832 0.458436 -0.894778
0 1 0
0.2
0.514739 0.459266 -0.901465
0 1 0
0.2
0.514739 0.459266 -0.901465
0 1 0
0.2
0.506832 0.458436 -0.894778
0 1 0
0.2
0.491018 0.456776 -0.881405
0 1 0
0.2
0.45939 0.453456 -0.854659
0 1 0
0.2
0.451483 0.452627 -0.847972
0 1 0
0.2
0.451483 0.452627 -0.847972
0 1 0
0.2
0.451483 0.452627 -0.847972
0 1 0
0.2
0.451483 0.452627 -0.847972
0 1 0
0.2
1.24023 1.73088 -2.55822
0 0 1
0.2
1.24023 1.73088 -2.55822
0 0 1
0.2
1.24023 1.73088 -2.55822
0 0 1
0.2
1.24023 1.73088 -2.55822
0 0 1
0.2
1.24023 1.73088 -2.55822
0 0 1
0.2
1.24023 1.73088 -2.55822
0 0 1
0.2
1.24023 1.73088 -2.55822
0 0 1
0.2
1.24023 1.73088 -2.55822
0 0 1
0.2
1.24023 1.73088 -2.55822
0 0 1
0.2
1.24023 1.73088 -2.55822
0 0 1
0.2
1.24023 1.73088 -2.55822
0 0 1
0.2
1.24023 1.73088 -2.55822
0 0 1
0.2
1.24023 1.73088 -2.55822
0 0 1
0.2
1.24023 1.73088 -2.55822
0 0 1
0.2
1.24023 1.73088 -2.55822
0 0 1
0.2
1.24023 1.73088 -2.55822
0 0 1
0.2
1.24023 1.73088 -2.55822
0 0 1
0.2
1.24023 1.73088 -2.55822
0 0 1
0.2
1.24023 1.73088 -2.55822
0 0 1
0.2
1.24023 1.73088 -2.55822
0 0 1
0.2
1.24547 1.70452 -2.53916
0 0 1
0.2
1.24547 1.70452 -2.53916
0 0 1
0.2
1.24985 1.69601 -2.53504
0 0 1
0.2
1.24985 1.69601 -2.53504
0 0 1
0.2
1.25861 1.67899 -2.52679
0 0 1
0.2
1.25947 1.66114 -2.51186
0 0 1
0.2
1.25947 1.66114 -2.51186
0 0 1
0.2
1.26385 1.65263 -2.50773
0 0 1
0.2
1.26385 1.65263 -2.50773
0 0 1
0.2
1.27261 1.63561 -2.49949
0 0 1
0.2
1.28222 1.60074 -2.47631
0 0 1
0.2
1.2866 1.59223 -2.47218
0 0 1
0.2
1.28393 1.56504 -2.44644
0 0 1
0.2
1.28649 1.51149 -2.40164
0 0 1
0.2
1.28029 1.47495 -2.36508
0 0 1
0.2
1.28906 1.45793 -2.35684
0 0 1
0.2
1.28906 1.45793 -2.35684
0 0 1
0.2
1.28906 1.45793 -2.35684
0 0 1
0.2
1.29782 1.44091 -2.34859
0 0 1
0.2
1.29782 1.44091 -2.34859
0 0 1
0.2
1.29782 1.44091 -2.34859
0 0 1
0.2
1.29782 1.44091 -2.34859
0 0 1
0.2
1.29782 1.44091 -2.34859
0 0 1
0.2
1.29782 1.44091 -2.34859
0 0 1
0.2
1.29782 1.44091 -2.34859
0 0 1
0.2
1.29782 1.44091 -2.34859
0 0 1
0.2
1.29782 1.44091 -2.34859
0 0 1
0.2
1.29782 1.44091 -2.34859
0 0 1
0.2
1.29782 1.44091 -2.34859
0 0 1
0.2
1.29782 1.44091 -2.34859
0 0 1
0.2
1.29782 1.44091 -2.34859
0 0 1
0.2
1.30391 1.3967 -2.3146
0 0 1
0.2
1.28627 1.35 -2.26055
0 0 1
0.2
1.25892 1.25743 -2.15913
0 0 1
0.2
1.26063 1.22172 -2.12927
0 0 1
0.2
1.2509 1.17585 -2.0819
0 0 1
0.2
1.2368 1.13849 -2.03866
0 0 1
0.2
1.22269 1.10113 -1.99542
0 0 1
0.2
1.21382 1.03741 -1.93313
0 0 1
0.2
1.20933 0.965175 -1.86671
0 0 1
0.2
1.21104 0.929473 -1.83684
0 0 1
0.2
1.22065 0.894602 -1.81366
0 0 1
0.2
1.23721 0.797668 -1.74155
0 0 1
0.2
1.2433 0.753456 -1.70756
0 0 1
0.2
1.25548 0.665032 -1.63958
0 0 1
0.2
1.27471 0.595289 -1.59322
0 0 1
0.2
1.29223 0.561248 -1.57673
0 0 1
0.2
1.29747 0.534887 -1.55767
0 0 1
0.2
1.30623 0.517866 -1.54942
0 0 1
0.2
1.32984 0.439612 -1.49894
0 0 1
0.2
1.33507 0.413251 -1.47988
0 0 1
0.2
1.34554 0.360529 -1.44177
0 0 1
0.2
1.36915 0.282276 -1.39128
0 0 1
0.2
1.37354 0.273765 -1.38716
0 0 1
0.2
1.37354 0.273765 -1.38716
0 0 1
0.2
1.37354 0.273765 -1.38716
0 0 1
0.2
1.36563 0.272935 -1.38047
0 0 1
0.2
1.36563 0.272935 -1.38047
0 0 1
0.2
1.36563 0.272935 -1.38047
0 0 1
0.2
1.37001 0.264425 -1.37635
0 0 1
0.2
1.37001 0.264425 -1.37635
0 0 1
0.2
1.37001 0.264425 -1.37635
0 0 1
0.2
1.37001 0.264425 -1.37635
0 0 1
0.2
1.37001 0.264425 -1.37635
0 0 1
0.2
1.37001 0.264425 -1.37635
0 0 1
0.2
1.3621 0.263595 -1.36966
0 0 1
0.2
1.3621 0.263595 -1.36966
0 0 1
0.2
1.3621 0.263595 -1.36966
0 0 1
0.2
1.3621 0.263595 -1.36966
0 0 1
0.2
1.3621 0.263595 -1.36966
0 0 1
0.2
1.35772 0.272105 -1.37378
0 0 1
0.2
1.35772 0.272105 -1.37378
0 0 1
0.2
1.35772 0.272105 -1.37378
0 0 1
0.2
1.35772 0.272105 -1.37378
0 0 1
0.2
1.35772 0.272105 -1.37378
0 0 1
0.2
1.35772 0.272105 -1.37378
0 0 1
0.2
1.35772 0.272105 -1.37378
0 0 1
0.2
1.35772 0.272105 -1.37378
0 0 1
0.2
1.35772 0.272105 -1.37378
0 0 1
0.2
1.35772 0.272105 -1.37378
0 0 1
0.2
1.36563 0.272935 -1.38047
0 0 1
0.2
1.37354 0.273765 -1.38716
0 0 1
0.2
1.37354 0.273765 -1.38716
0 0 1
0.2
1.38144 0.274595 -1.39384
0 0 1
0.2
1.40164 0.267745 -1.40309
0 0 1
0.2
1.42183 0.260894 -1.41234
0 0 1
0.2
1.43765 0.262554 -1.42572
0 0 1
0.2
1.45784 0.255704 -1.43497
0 0 1
0.2
1.46575 0.256534 -1.44165
0 0 1
0.2
1.47803 0.248853 -1.44422
0 0 1
0.2
1.49385 0.250513 -1.45759
0 0 1
0.2
1.50614 0.242833 -1.46015
0 0 1
0.2
1.51404 0.243663 -1.46684
0 0 1
0.2
1.52195 0.244493 -1.47352
0 0 1
0.2
1.55005 0.238472 -1.48946
0 0 1
0.2
1.57025 0.231622 -1.49871
0 0 1
0.2
1.59397 0.234112 -1.51877
0 0 1
0.2
1.60978 0.235772 -1.53214
0 0 1
0.2
1.64141 0.239091 -1.55889
0 0 1
0.2
1.67304 0.242411 -1.58563
0 0 1
0.2
1.70467 0.245731 -1.61238
0 0 1
0.2
1.72839 0.248221 -1.63244
0 0 1
0.2
1.75211 0.250711 -1.6525
0 0 1
0.2
1.79955 0.255691 -1.69262
0 0 1
0.2
1.84699 0.26067 -1.73274
0 0 1
0.2
1.87776 0.281841 -1.77442
0 0 1
0.2
1.91206 0.312352 -1.82691
0 0 1
0.2
1.93493 0.332692 -1.8619
0 0 1
0.2
1.93846 0.342033 -1.87271
0 0 1
0.2
1.94637 0.342863 -1.8794
0 0 1
0.2
1.9578 0.353033 -1.89689
0 0 1
0.2
1.97628 0.381884 -1.93601
0 0 1
0.2
1.9983 0.420075 -1.98594
0 0 1
0.2
2.02116 0.440416 -2.02093
0 0 1
0.2
2.04403 0.460756 -2.05592
0 0 1
0.2
2.07042 0.490437 -2.10173
0 0 1
0.2
2.09329 0.510778 -2.13672
0 0 1
0.2
2.08891 0.519288 -2.14084
0 0 1
0.2
2.10387 0.538799 -2.16915
0 0 1
0.2
2.11445 0.56682 -2.20158
0 0 1
0.2
2.1277 0.622032 -2.25975
0 0 1
0.2
2.1339 0.658563 -2.29631
0 0 1
0.2
2.12343 0.711286 -2.33442
0 0 1
0.2
2.09982 0.789539 -2.38491
0 0 1
0.2
2.08144 0.841431 -2.41633
0 0 1
0.2
2.05516 0.892493 -2.44107
0 0 1
0.2
2.02364 0.969917 -2.48487
0 0 1
0.2
2.00964 1.0133 -2.51218
0 0 1
0.2
1.99212 1.04734 -2.52867
0 0 1
0.2
1.96584 1.0984 -2.55341
0 0 1
0.2
1.95708 1.11542 -2.56166
0 0 1
0.2
1.92203 1.18351 -2.59465
0 0 1
0.2
1.90365 1.2354 -2.62608
0 0 1
0.2
1.89757 1.27961 -2.66007
0 0 1
0.2
1.89148 1.32382 -2.69406
0 0 1
0.2
1.88186 1.35869 -2.71724
0 0 1
0.2
1.86872 1.38422 -2.72961
0 0 1
0.2
1.86434 1.39274 -2.73373
0 0 1
0.2
1.84767 1.40893 -2.73529
0 0 1
0.2
1.83186 1.40727 -2.72192
0 0 1
0.2
1.81166 1.41412 -2.71267
0 0 1
0.2
1.79937 1.4218 -2.71011
0 0 1
0.2
1.79499 1.43031 -2.71423
0 0 1
0.2
1.79061 1.43882 -2.71835
0 0 1
0.2
1.79061 1.43882 -2.71835
0 0 1
0.2
1.78185 1.45584 -2.7266
0 0 1
0.2
1.77747 1.46435 -2.73072
0 0 1
0.2
1.77747 1.46435 -2.73072
0 0 1
0.2
1.77747 1.46435 -2.73072
0 0 1
0.2
1.77747 1.46435 -2.73072
0 0 1
0.2
1.77747 1.46435 -2.73072
0 0 1
0.2
1.77747 1.46435 -2.73072
0 0 1
0.2
1.78623 1.44733 -2.72248
0 0 1
0.2
1.79061 1.43882 -2.71835
0 0 1
0.2
1.79061 1.43882 -2.71835
0 0 1
0.2
1.78185 1.45584 -2.7266
0 0 1
0.2
1.77309 1.47286 -2.73485
0 0 1
0.2
1.75204 1.49756 -2.74053
0 0 1
0.2
1.72576 1.54862 -2.76527
0 0 1
0.2
1.71262 1.57415 -2.77764
0 0 1
0.2
1.70386 1.59117 -2.78589
0 0 1
0.2
1.67405 1.6329 -2.79982
0 0 1
0.2
1.64862 1.66611 -2.80963
0 0 1
0.2
1.61528 1.69849 -2.81275
0 0 1
0.2
1.58985 1.7317 -2.82256
0 0 1
0.2
1.57318 1.74789 -2.82412
0 0 1
0.2
1.55651 1.76408 -2.82568
0 0 1
0.2
1.5188 1.80498 -2.83292
0 0 1
0.2
1.48546 1.83736 -2.83604
0 0 1
0.2
1.45298 1.85189 -2.82423
0 0 1
0.2
1.4205 1.86642 -2.81242
0 0 1
0.2
1.39239 1.87244 -2.79648
0 0 1
0.2
1.37573 1.88863 -2.79804
0 0 1
0.2
1.33534 1.90233 -2.77954
0 0 1
0.2
1.30286 1.91686 -2.76773
0 0 1
0.2
1.28704 1.9152 -2.75436
0 0 1
0.2
1.25103 1.92039 -2.73174
0 0 1
0.2
1.23522 1.91873 -2.71836
0 0 1
0.2
1.22731 1.9179 -2.71168
0 0 1
0.2
1.2194 1.91707 -2.70499
0 0 1
0.2
1.2194 1.91707 -2.70499
0 0 1
0.2
1.2194 1.91707 -2.70499
0 0 1
0.2
1.2194 1.91707 -2.70499
0 0 1
0.2
1.2194 1.91707 -2.70499
0 0 1
0.2
1.2194 1.91707 -2.70499
0 0 1
0.2
1.21502 1.92558 -2.70911
0 0 1
0.2
1.21502 1.92558 -2.70911
0 0 1
0.2
1.21064 1.93409 -2.71324
0 0 1
0.2
2.52058 1.6657 -3.46677
1 0 1
0.2
2.52058 1.6657 -3.46677
1 0 1
0.2
2.52058 1.6657 -3.46677
1 0 1
0.2
2.52058 1.6657 -3.46677
1 0 1
0.2
2.52058 1.6657 -3.46677
1 0 1
0.2
2.52058 1.6657 -3.46677
1 0 1
0.2
2.52058 1.6657 -3.46677
1 0 1
0.2
2.52058 1.6657 -3.46677
1 0 1
0.2
2.52058 1.6657 -3.46677
1 0 1
0.2
2.52058 1.6657 -3.46677
1 0 1
0.2
2.52058 1.6657 -3.46677
1 0 1
0.2
2.52058 1.6657 -3.46677
1 0 1
0.2
2.52058 1.6657 -3.46677
1 0 1
0.2
2.52058 1.6657 -3.46677
1 0 1
0.2
2.52058 1.6657 -3.46677
1 0 1
0.2
2.52058 1.6657 -3.46677
1 0 1
0.2
2.52058 1.6657 -3.46677
1 0 1
0.2
2.52058 1.6657 -3.46677
1 0 1
0.2
2.52058 1.6657 -3.46677
1 0 1
0.2
2.52058 1.6657 -3.46677
1 0 1
0.2
2.52058 1.6657 -3.46677
1 0 1
0.2
2.52058 1.6657 -3.46677
1 0 1
0.2
2.52058 1.6657 -3.46677
1 0 1
0.2
2.52058 1.6657 -3.46677
1 0 1
0.2
2.52058 1.6657 -3.46677
1 0 1
0.2
2.52058 1.6657 -3.46677
1 0 1
0.2
2.52058 1.6657 -3.46677
1 0 1
0.2
2.52058 1.6657 -3.46677
1 0 1
0.2
2.52058 1.6657 -3.46677
1 0 1
0.2
2.52058 1.6657 -3.46677
1 0 1
0.2
2.52058 1.6657 -3.46677
1 0 1
0.2
2.52058 1.6657 -3.46677
1 0 1
0.2
2.52058 1.6657 -3.46677
1 0 1
0.2
2.52058 1.6657 -3.46677
1 0 1
0.2
2.52058 1.6657 -3.46677
1 0 1
0.2
2.52058 1.6657 -3.46677
1 0 1
0.2
2.52058 1.6657 -3.46677
1 0 1
0.2
2.52058 1.6657 -3.46677
1 0 1
0.2
2.52058 1.6657 -3.46677
1 0 1
0.2
2.52058 1.6657 -3.46677
1 0 1
0.2
2.49069 1.58712 -3.37566
1 0 1
0.2
2.49069 1.58712 -3.37566
1 0 1
0.2
2.49069 1.58712 -3.37566
1 0 1
0.2
2.49069 1.58712 -3.37566
1 0 1
0.2
2.49069 1.58712 -3.37566
1 0 1
0.2
2.49069 1.58712 -3.37566
1 0 1
0.2
2.49069 1.58712 -3.37566
1 0 1
0.2
2.49069 1.58712 -3.37566
1 0 1
0.2
2.49069 1.58712 -3.37566
1 0 1
0.2
2.49069 1.58712 -3.37566
1 0 1
0.2
2.49069 1.58712 -3.37566
1 0 1
0.2
2.49069 1.58712 -3.37566
1 0 1
0.2
2.49069 1.58712 -3.37566
1 0 1
0.2
2.49069 1.58712 -3.37566
1 0 1
0.2
2.5827 1.44313 -3.31939
1 0 1
0.2
2.6989 1.28287 -3.26716
1 0 1
0.2
2.6989 1.28287 -3.26716
1 0 1
0.2
2.71483 1.24871 -3.24935
1 0 1
0.2
2.73075 1.21454 -3.23154
1 0 1
0.2
2.73075 1.21454 -3.23154
1 0 1
0.2
2.73075 1.21454 -3.23154
1 0 1
0.2
2.71451 1.21373 -3.2186
1 0 1
0.2
2.69017 1.21252 -3.19918
1 0 1
0.2
2.66582 1.21131 -3.17976
1 0 1
0.2
2.6577 1.21091 -3.17329
1 0 1
0.2
2.63734 1.20115 -3.14942
1 0 1
0.2
2.62508 1.1918 -3.13202
1 0 1
0.2
2.61697 1.1914 -3.12555
1 0 1
0.2
2.60074 1.19059 -3.11261
1 0 1
0.2
2.5966 1.18165 -3.10168
1 0 1
0.2
2.59231 1.15522 -3.07538
1 0 1
0.2
2.58388 1.11984 -3.03815
1 0 1
0.2
2.58786 1.1113 -3.0337
1 0 1
0.2
2.59184 1.10276 -3.02925
1 0 1
0.2
2.60378 1.07713 -3.01589
1 0 1
0.2
2.60776 1.06859 -3.01144
1 0 1
0.2
2.6197 1.04297 -2.99808
1 0 1
0.2
2.62767 1.02589 -2.98918
1 0 1
0.2
2.65568 0.983584 -2.97339
1 0 1
0.2
2.72841 0.952246 -3.00089
1 0 1
0.2
2.78523 0.955073 -3.04619
1 0 1
0.2
2.78523 0.955073 -3.04619
1 0 1
0.2
2.78523 0.955073 -3.04619
1 0 1
0.2
2.78523 0.955073 -3.04619
1 0 1
0.2
2.78523 0.955073 -3.04619
1 0 1
0.2
2.78523 0.955073 -3.04619
1 0 1
0.2
2.78523 0.955073 -3.04619
1 0 1
0.2
2.78523 0.955073 -3.04619
1 0 1
0.2
2.78523 0.955073 -3.04619
1 0 1
0.2
2.78523 0.955073 -3.04619
1 0 1
0.2
2.78523 0.955073 -3.04619
1 0 1
0.2
2.78523 0.955073 -3.04619
1 0 1
0.2
2.78523 0.955073 -3.04619
1 0 1
0.2
2.78523 0.955073 -3.04619
1 0 1
0.2
2.78523 0.955073 -3.04619
1 0 1
0.2
2.78523 0.955073 -3.04619
1 0 1
0.2
2.78523 0.955073 -3.04619
1 0 1
0.2
2.78523 0.955073 -3.04619
1 0 1
0.2
2.81738 0.921716 -3.04133
1 0 1
0.2
2.84126 0.870469 -3.01461
1 0 1
0.2
2.84907 0.8359 -2.99033
1 0 1
0.2
2.81231 0.807853 -2.93814
1 0 1
0.2
2.78383 0.797696 -2.9078
1 0 1
0.2
2.77142 0.770861 -2.87503
1 0 1
0.2
2.72639 0.724924 -2.80099
1 0 1
0.2
2.68566 0.705418 -2.75325
1 0 1
0.2
2.67341 0.696069 -2.73585
1 0 1
0.2
2.65288 0.66883 -2.69661
1 0 1
0.2
2.62823 0.632646 -2.64644
1 0 1
0.2
2.59928 0.57003 -2.56996
1 0 1
0.2
2.60326 0.561489 -2.56551
1 0 1
0.2
2.59498 0.543599 -2.54366
1 0 1
0.2
2.59007 0.447222 -2.45585
1 0 1
0.2
2.59788 0.412653 -2.43157
1 0 1
0.2
2.6017 0.386626 -2.41174
1 0 1
0.2
2.60553 0.360598 -2.39191
1 0 1
0.2
2.61333 0.32603 -2.36763
1 0 1
0.2
2.6049 0.290653 -2.33041
1 0 1
0.2
2.60888 0.282112 -2.32595
1 0 1
0.2
2.60077 0.281708 -2.31948
1 0 1
0.2
2.60475 0.273167 -2.31503
1 0 1
0.2
2.59172 0.176386 -2.22075
1 0 1
0.2
2.59141 0.141414 -2.18999
1 0 1
0.2
2.58329 0.14101 -2.18352
1 0 1
0.2
2.58329 0.14101 -2.18352
1 0 1
0.2
2.58727 0.132469 -2.17907
1 0 1
0.2
2.59125 0.123927 -2.17462
1 0 1
0.2
2.59125 0.123927 -2.17462
1 0 1
0.2
2.59125 0.123927 -2.17462
1 0 1
0.2
2.59125 0.123927 -2.17462
1 0 1
0.2
2.59125 0.123927 -2.17462
1 0 1
0.2
2.59125 0.123927 -2.17462
1 0 1
0.2
2.59125 0.123927 -2.17462
1 0 1
0.2
2.57931 0.149551 -2.18797
1 0 1
0.2
2.56339 0.183716 -2.20578
1 0 1
0.2
2.56355 0.201202 -2.22116
1 0 1
0.2
2.56355 0.201202 -2.22116
1 0 1
0.2
2.56355 0.201202 -2.22116
1 0 1
0.2
2.56355 0.201202 -2.22116
1 0 1
0.2
2.63724 1.64685 -3.53829
1 0 1
0.2
2.63724 1.64685 -3.53829
1 0 1
0.2
2.63724 1.64685 -3.53829
1 0 1
0.2
2.63724 1.64685 -3.53829
1 0 1
0.2
2.63724 1.64685 -3.53829
1 0 1
0.2
2.63724 1.64685 -3.53829
1 0 1
0.2
2.63724 1.64685 -3.53829
1 0 1
0.2
2.63724 1.64685 -3.53829
1 0 1
0.2
2.63724 1.64685 -3.53829
1 0 1
0.2
2.63724 1.64685 -3.53829
1 0 1
0.2
2.63724 1.64685 -3.53829
1 0 1
0.2
2.63724 1.64685 -3.53829
1 0 1
0.2
2.67782 1.64887 -3.57066
1 0 1
0.2
2.81579 1.65574 -3.68068
1 0 1
0.2
2.83202 1.65654 -3.69363
1 0 1
0.2
2.84826 1.65735 -3.70657
1 0 1
0.2
2.84826 1.65735 -3.70657
1 0 1
0.2
2.85637 1.65776 -3.71304
1 0 1
0.2
2.85637 1.65776 -3.71304
1 0 1
0.2
2.86449 1.65816 -3.71952
1 0 1
0.2
2.8726 1.65856 -3.72599
1 0 1
0.2
2.8968 1.64229 -3.73003
1 0 1
0.2
2.93308 1.61788 -3.73609
1 0 1
0.2
2.94518 1.60974 -3.73811
1 0 1
0.2
2.96126 1.59306 -3.73568
1 0 1
0.2
2.98545 1.57679 -3.73972
1 0 1
0.2
2.99755 1.56865 -3.74174
1 0 1
0.2
3.00566 1.56905 -3.74821
1 0 1
0.2
3.01776 1.56092 -3.75023
1 0 1
0.2
3.04195 1.54464 -3.75427
1 0 1
0.2
3.08237 1.52917 -3.77125
1 0 1
0.2
3.10259 1.52144 -3.77974
1 0 1
0.2
3.14683 1.47995 -3.7769
1 0 1
0.2
3.17501 1.45513 -3.77649
1 0 1
0.2
3.18695 1.42951 -3.76313
1 0 1
0.2
3.22706 1.37907 -3.74936
1 0 1
0.2
3.25921 1.34571 -3.7445
1 0 1
0.2
3.28341 1.32944 -3.74854
1 0 1
0.2
3.31142 1.28713 -3.73275
1 0 1
0.2
3.3275 1.27045 -3.73031
1 0 1
0.2
3.33546 1.25337 -3.72141
1 0 1
0.2
3.36746 1.20253 -3.70117
1 0 1
0.2
3.38338 1.16836 -3.68336
1 0 1
0.2
3.41124 1.10858 -3.65219
1 0 1
0.2
3.41522 1.10003 -3.64774
1 0 1
0.2
3.41522 1.10003 -3.64774
1 0 1
0.2
3.4192 1.09149 -3.64329
1 0 1
0.2
3.42318 1.08295 -3.63883
1 0 1
0.2
3.41873 1.03903 -3.59716
1 0 1
0.2
3.39423 1.02034 -3.56236
1 0 1
0.2
3.38198 1.01099 -3.54497
1 0 1
0.2
3.32501 0.990674 -3.48428
1 0 1
0.2
3.29255 0.989059 -3.4584
1 0 1
0.2
3.25197 0.987039 -3.42603
1 0 1
0.2
3.21139 0.98502 -3.39367
1 0 1
0.2
3.18704 0.983808 -3.37426
1 0 1
0.2
3.14646 0.981789 -3.34189
1 0 1
0.2
3.09777 0.979365 -3.30306
1 0 1
0.2
3.04494 0.967997 -3.2533
1 0 1
0.2
3.01232 0.948895 -3.21204
1 0 1
0.2
3.0042 0.948491 -3.20557
1 0 1
0.2
2.97985 0.94728 -3.18615
1 0 1
0.2
2.96362 0.946472 -3.1732
1 0 1
0.2
2.96362 0.946472 -3.1732
1 0 1
0.2
2.9555 0.946068 -3.16673
1 0 1
0.2
2.93927 0.94526 -3.15379
1 0 1
0.2
2.93514 0.936315 -3.14286
1 0 1
0.2
2.92289 0.926966 -3.12547
1 0 1
0.2
2.92289 0.926966 -3.12547
1 0 1
0.2
2.92289 0.926966 -3.12547
1 0 1
0.2
2.92687 0.918425 -3.12101
1 0 1
0.2
2.93085 0.909884 -3.11656
1 0 1
0.2
2.93483 0.901343 -3.11211
1 0 1
0.2
2.93483 0.901343 -3.11211
1 0 1
0.2
2.97541 0.903362 -3.14447
1 0 1
0.2
3.00787 0.904978 -3.17036
1 0 1
0.2
3.05657 0.907401 -3.20919
1 0 1
0.2
3.16207 0.912651 -3.29333
1 0 1
0.2
3.20281 0.932157 -3.34107
1 0 1
0.2
3.20281 0.932157 -3.34107
1 0 1
0.2
3.20281 0.932157 -3.34107
1 0 1
0.2
3.20281 0.932157 -3.34107
1 0 1
0.2
3.20281 0.932157 -3.34107
1 0 1
0.2
3.20281 0.932157 -3.34107
1 0 1
0.2
3.20281 0.932157 -3.34107
1 0 1
0.2
3.20281 0.932157 -3.34107
1 0 1
0.2
3.20281 0.932157 -3.34107
1 0 1
0.2
3.20281 0.932157 -3.34107
1 0 1
0.2
3.20281 0.932157 -3.34107
1 0 1
0.2
3.20281 0.932157 -3.34107
1 0 1
0.2
3.20281 0.932157 -3.34107
1 0 1
0.2
3.20281 0.932157 -3.34107
1 0 1
0.2
3.20281 0.932157 -3.34107
1 0 1
0.2
3.23465 0.863827 -3.30545
1 0 1
0.2
3.25455 0.821121 -3.28319
1 0 1
0.2
3.25822 0.777607 -3.24798
1 0 1
0.2
3.24597 0.768258 -3.23059
1 0 1
0.2
3.21748 0.758102 -3.20025
1 0 1
0.2
3.20125 0.757294 -3.1873
1 0 1
0.2
3.17277 0.747137 -3.15696
1 0 1
0.2
3.16052 0.737788 -3.13956
1 0 1
0.2
3.16052 0.737788 -3.13956
1 0 1
0.2
3.16052 0.737788 -3.13956
1 0 1
0.2
3.1645 0.729247 -3.13511
1 0 1
0.2
3.16848 0.720706 -3.13066
1 0 1
0.2
3.16848 0.720706 -3.13066
1 0 1
0.2
3.16848 0.720706 -3.13066
1 0 1
0.2
3.17246 0.712165 -3.12621
1 0 1
0.2
3.17246 0.712165 -3.12621
1 0 1
0.2
3.16434 0.711761 -3.11973
1 0 1
0.2
3.15623 0.711357 -3.11326
1 0 1
0.2
3.16021 0.702816 -3.10881
1 0 1
0.2
3.15607 0.693871 -3.09788
1 0 1
0.2
3.15178 0.667439 -3.07158
1 0 1
0.2
3.14366 0.667035 -3.06511
1 0 1
0.2
3.12728 0.648741 -3.03679
1 0 1
0.2
3.12314 0.639796 -3.02587
1 0 1
0.2
3.11487 0.621906 -3.00402
1 0 1
0.2
3.11885 0.613365 -2.99956
1 0 1
0.2
3.13875 0.570659 -2.9773
1 0 1
0.2
3.14273 0.562117 -2.97285
1 0 1
0.2
3.15069 0.545035 -2.96394
1 0 1
0.2
3.15467 0.536494 -2.95949
1 0 1
0.2
3.17059 0.502329 -2.94168
1 0 1
0.2
3.19877 0.477513 -2.94127
1 0 1
0.2
3.23903 0.44456 -2.94288
1 0 1
0.2
3.2793 0.411607 -2.94449
1 0 1
0.2
3.33978 0.37092 -2.95459
1 0 1
0.2
3.38419 0.346912 -2.96712
1 0 1
0.2
3.4488 0.31517 -2.98814
1 0 1
0.2
3.473 0.298896 -2.99218
1 0 1
0.2
3.52122 0.24886 -2.98488
1 0 1
0.2
3.54526 0.215099 -2.97355
1 0 1
0.2
3.56532 0.189879 -2.96666
1 0 1
0.2
3.57741 0.181742 -2.96868
1 0 1
0.2
3.60145 0.147981 -2.95735
1 0 1
0.2
3.62962 0.123165 -2.95693
1 0 1
0.2
3.6457 0.106487 -2.9545
1 0 1
0.2
3.69807 0.065396 -2.95813
1 0 1
0.2
3.74231 0.0239016 -2.95528
1 0 1
0.2
3.79452 -0.0346753 -2.94353
1 0 1
0.2
3.81872 -0.0509499 -2.94757
1 0 1
0.2
3.83877 -0.0761697 -2.94069
1 0 1
0.2
3.85485 -0.0928482 -2.93826
1 0 1
0.2
3.85485 -0.0928482 -2.93826
1 0 1
0.2
3.85485 -0.0928482 -2.93826
1 0 1
0.2
3.85485 -0.0928482 -2.93826
1 0 1
0.2
3.85485 -0.0928482 -2.93826
1 0 1
0.2
3.85485 -0.0928482 -2.93826
1 0 1
0.2
3.85485 -0.0928482 -2.93826
1 0 1
0.2
3.85485 -0.0928482 -2.93826
1 0 1
0.2
3.85485 -0.0928482 -2.93826
1 0 1
0.2
3.85485 -0.0928482 -2.93826
1 0 1
0.2
3.85485 -0.0928482 -2.93826
1 0 1
0.2
3.85485 -0.0928482 -2.93826
1 0 1
0.2
3.85485 -0.0928482 -2.93826
1 0 1
0.2
3.85485 -0.0928482 -2.93826
1 0 1
0.2
3.85485 -0.0928482 -2.93826
1 0 1
0.2
3.85485 -0.0928482 -2.93826
1 0 1
0.2
3.85485 -0.0928482 -2.93826
1 0 1
0.2
3.85485 -0.0928482 -2.93826
1 0 1
0.2
3.85485 -0.0928482 -2.93826
1 0 1
0.2
3.85485 -0.0928482 -2.93826
1 0 1
0.2
3.79913 0.0267287 -3.00059
1 0 1
0.2
2.99473 0.70332 -2.98448
1 0 1
0.2
2.99473 0.70332 -2.98448
1 0 1
0.2
2.99473 0.70332 -2.98448
1 0 1
0.2
2.99473 0.70332 -2.98448
1 0 1
0.2
2.99473 0.70332 -2.98448
1 0 1
0.2
2.43088 1.61036 -3.35085
1 0 1
0.2
2.43088 1.61036 -3.35085
1 0 1
0.2
2.43088 1.61036 -3.35085
1 0 1
0.2
2.43088 1.61036 -3.35085
1 0 1
0.2
2.43088 1.61036 -3.35085
1 0 1
0.2
2.43088 1.61036 -3.35085
1 0 1
0.2
2.43088 1.61036 -3.35085
1 0 1
0.2
2.43088 1.61036 -3.35085
1 0 1
0.2
2.43088 1.61036 -3.35085
1 0 1
0.2
2.43088 1.61036 -3.35085
1 0 1
0.2
2.43088 1.61036 -3.35085
1 0 1
0.2
2.43088 1.61036 -3.35085
1 0 1
0.2
2.76388 1.19871 -3.24271
1 0 1
0.2
2.79588 1.14787 -3.22247
1 0 1
0.2
2.79986 1.13933 -3.21802
1 0 1
0.2
2.79986 1.13933 -3.21802
1 0 1
0.2
2.79986 1.13933 -3.21802
1 0 1
0.2
2.79986 1.13933 -3.21802
1 0 1
0.2
2.79986 1.13933 -3.21802
1 0 1
0.2
2.75928 1.13731 -3.18565
1 0 1
0.2
2.71074 1.15237 -3.1622
1 0 1
0.2
2.66633 1.17638 -3.14967
1 0 1
0.2
2.65424 1.18452 -3.14765
1 0 1
0.2
2.64612 1.18411 -3.14117
1 0 1
0.2
2.63801 1.18371 -3.1347
1 0 1
0.2
2.61381 1.19998 -3.13066
1 0 1
0.2
2.59789 1.23415 -3.14847
1 0 1
0.2
2.56574 1.2675 -3.15334
1 0 1
0.2
2.54982 1.30167 -3.17115
1 0 1
0.2
2.53788 1.32729 -3.1845
1 0 1
0.2
2.5339 1.33583 -3.18895
1 0 1
0.2
2.5339 1.33583 -3.18895
1 0 1
0.2
2.52594 1.35292 -3.19786
1 0 1
0.2
2.51813 1.38748 -3.22214
1 0 1
0.2
2.51829 1.40497 -3.23752
1 0 1
0.2
2.5307 1.43181 -3.27029
1 0 1
0.2
2.54739 1.48507 -3.32937
1 0 1
0.2
2.55567 1.50296 -3.35122
1 0 1
0.2
2.58446 1.54809 -3.41231
1 0 1
0.2
2.58446 1.54809 -3.41231
1 0 1
0.2
2.59258 1.5485 -3.41878
1 0 1
0.2
2.60452 1.52287 -3.40543
1 0 1
0.2
2.62442 1.48017 -3.38316
1 0 1
0.2
2.6483 1.42892 -3.35645
1 0 1
0.2
2.6682 1.38621 -3.33419
1 0 1
0.2
2.68014 1.36059 -3.32083
1 0 1
0.2
2.66727 1.2813 -3.24193
1 0 1
0.2
2.64643 1.21908 -3.17193
1 0 1
0.2
2.65041 1.21054 -3.16748
1 0 1
0.2
2.65041 1.21054 -3.16748
1 0 1
0.2
2.64628 1.2016 -3.15655
1 0 1
0.2
2.62177 1.1829 -3.12176
1 0 1
0.2
2.60554 1.18209 -3.10881
1 0 1
0.2
2.59743 1.18169 -3.10234
1 0 1
0.2
2.58119 1.18088 -3.0894
1 0 1
0.2
2.57308 1.18048 -3.08292
1 0 1
0.2
2.57706 1.17194 -3.07847
1 0 1
0.2
2.58502 1.15485 -3.06957
1 0 1
0.2
2.59251 1.08531 -3.01453
1 0 1
0.2
2.59236 1.06783 -2.99916
1 0 1
0.2
2.60032 1.05074 -2.99025
1 0 1
0.2
2.61179 0.97266 -2.93076
1 0 1
0.2
2.61577 0.964119 -2.92631
1 0 1
0.2
2.60274 0.867338 -2.83203
1 0 1
0.2
2.58605 0.814072 -2.77295
1 0 1
0.2
2.58191 0.805127 -2.76203
1 0 1
0.2
2.5816 0.770154 -2.73128
1 0 1
0.2
2.55647 0.681511 -2.63497
1 0 1
0.2
2.55632 0.664025 -2.6196
1 0 1
0.2
2.55187 0.620107 -2.57792
1 0 1
0.2
2.55187 0.620107 -2.57792
1 0 1
0.2
2.5557 0.594079 -2.55809
1 0 1
0.2
2.56304 0.507052 -2.48768
1 0 1
0.2
2.54649 0.471271 -2.44398
1 0 1
0.2
2.54649 0.471271 -2.44398
1 0 1
0.2
2.54649 0.471271 -2.44398
1 0 1
0.2
2.5621 0.402134 -2.39542
1 0 1
0.2
2.56593 0.376106 -2.37559
1 0 1
0.2
2.56531 0.306161 -2.31408
1 0 1
0.2
2.57311 0.271592 -2.2898
1 0 1
0.2
2.57709 0.263051 -2.28535
1 0 1
0.2
2.57709 0.263051 -2.28535
1 0 1
0.2
2.57709 0.263051 -2.28535
1 0 1
0.2
2.58107 0.25451 -2.28089
1 0 1
0.2
2.59699 0.220345 -2.26308
1 0 1
0.2
2.61276 0.168694 -2.2299
1 0 1
0.2
2.60035 0.141859 -2.19712
1 0 1
0.2
2.58412 0.141051 -2.18418
1 0 1
0.2
2.55181 0.156922 -2.17367
1 0 1
0.2
2.51997 0.225251 -2.20929
1 0 1
0.2
2.47619 0.319205 -2.25826
1 0 1
0.2
2.42046 0.438782 -2.3206
1 0 1
0.2
2.41679 0.482296 -2.3558
1 0 1
0.2
2.39338 0.586002 -2.42865
1 0 1
0.2
2.38971 0.629516 -2.46385
1 0 1
0.2
2.3986 0.717351 -2.54721
1 0 1
0.2
2.40336 0.796241 -2.61964
1 0 1
0.2
2.42052 0.901967 -2.72485
1 0 1
0.2
2.41365 1.04145 -2.84139
1 0 1
0.2
2.42653 1.12075 -2.92029
1 0 1
0.2
2.42715 1.19069 -2.9818
1 0 1
0.2
2.43144 1.21712 -3.0081
1 0 1
0.2
2.43557 1.22607 -3.01903
1 0 1
0.2
2.43557 1.22607 -3.01903
1 0 1
0.2
2.45258 1.31431 -3.10886
1 0 1
0.2
2.48996 1.4123 -3.22255
1 0 1
0.2
2.52718 1.49281 -3.32087
1 0 1
0.2
2.53132 1.50175 -3.3318
1 0 1
0.2
2.53943 1.50216 -3.33827
1 0 1
0.2
2.5477 1.52005 -3.36012
1 0 1
0.2
2.64174 1.60338 -3.50375
1 0 1
0.2
2.64985 1.60378 -3.51022
1 0 1
0.2
2.64985 1.60378 -3.51022
1 0 1
0.2
2.65383 1.59524 -3.50577
1 0 1
0.2
4.72337 1.23939 -4.75576
0 1 1
0.2
4.72337 1.23939 -4.75576
0 1 1
0.2
4.72337 1.23939 -4.75576
0 1 1
0.2
4.72337 1.23939 -4.75576
0 1 1
0.2
4.72337 1.23939 -4.75576
0 1 1
0.2
4.72337 1.23939 -4.75576
0 1 1
0.2
4.72337 1.23939 -4.75576
0 1 1
0.2
4.72337 1.23939 -4.75576
0 1 1
0.2
4.72337 1.23939 -4.75576
0 1 1
0.2
4.72337 1.23939 -4.75576
0 1 1
0.2
4.72337 1.23939 -4.75576
0 1 1
0.2
4.72337 1.23939 -4.75576
0 1 1
0.2
4.72337 1.23939 -4.75576
0 1 1
0.2
4.72337 1.23939 -4.75576
0 1 1
0.2
4.72337 1.23939 -4.75576
0 1 1
0.2
4.72337 1.23939 -4.75576
0 1 1
0.2
4.72337 1.23939 -4.75576
0 1 1
0.2
4.72337 1.23939 -4.75576
0 1 1
0.2
4.72337 1.23939 -4.75576
0 1 1
0.2
4.73133 1.22231 -4.74686
0 1 1
0.2
4.74725 1.18814 -4.72905
0 1 1
0.2
4.73087 1.16985 -4.70073
0 1 1
0.2
4.68584 1.12391 -4.62669
0 1 1
0.2
4.63683 1.08652 -4.5571
0 1 1
0.2
4.61233 1.06782 -4.52231
0 1 1
0.2
4.5961 1.06701 -4.50936
0 1 1
0.2
4.57573 1.05726 -4.48549
0 1 1
0.2
4.5595 1.05645 -4.47255
0 1 1
0.2
4.55536 1.04751 -4.46162
0 1 1
0.2
4.53484 1.02027 -4.42238
0 1 1
0.2
4.51416 0.975542 -4.36775
0 1 1
0.2
4.49731 0.904789 -4.2933
0 1 1
0.2
4.48046 0.834036 -4.21885
0 1 1
0.2
4.47156 0.7462 -4.13549
0 1 1
0.2
4.46282 0.675851 -4.06751
0 1 1
0.2
4.46267 0.658365 -4.05214
0 1 1
0.2
4.45822 0.614447 -4.01046
0 1 1
0.2
4.42896 0.516859 -3.90323
0 1 1
0.2
4.41593 0.420078 -3.80895
0 1 1
0.2
4.4029 0.323298 -3.71467
0 1 1
0.2
4.3983 0.261894 -3.65762
0 1 1
0.2
4.40182 0.200894 -3.60703
0 1 1
0.2
4.40564 0.174866 -3.5872
0 1 1
0.2
4.41313 0.105325 -3.53217
0 1 1
0.2
4.40486 0.0874348 -3.51032
0 1 1
0.2
4.39659 0.0695446 -3.48847
0 1 1
0.2
4.37131 -0.0365848 -3.37679
0 1 1
0.2
4.36671 -0.0979888 -3.31974
0 1 1
0.2
4.37069 -0.10653 -3.31528
0 1 1
0.2
4.36655 -0.115475 -3.30436
0 1 1
0.2
4.36991 -0.193962 -3.2384
0 1 1
0.2
4.36929 -0.263907 -3.17689
0 1 1
0.2
4.36929 -0.263907 -3.17689
0 1 1
0.2
4.36929 -0.263907 -3.17689
0 1 1
0.2
4.38568 -0.245613 -3.20521
0 1 1
0.2
4.74312 1.1792 -4.71812
0 1 1
0.2
4.74312 1.1792 -4.71812
0 1 1
0.2
4.74312 1.1792 -4.71812
0 1 1
0.2
4.74312 1.1792 -4.71812
0 1 1
0.2
4.74312 1.1792 -4.71812
0 1 1
0.2
4.74312 1.1792 -4.71812
0 1 1
0.2
4.74312 1.1792 -4.71812
0 1 1
0.2
4.74312 1.1792 -4.71812
0 1 1
0.2
4.74312 1.1792 -4.71812
0 1 1
0.2
4.74312 1.1792 -4.71812
0 1 1
0.2
4.74312 1.1792 -4.71812
0 1 1
0.2
4.75904 1.14503 -4.70031
0 1 1
0.2
4.76302 1.13649 -4.69586
0 1 1
0.2
4.767 1.12795 -4.69141
0 1 1
0.2
4.767 1.12795 -4.69141
0 1 1
0.2
4.767 1.12795 -4.69141
0 1 1
0.2
4.767 1.12795 -4.69141
0 1 1
0.2
4.767 1.12795 -4.69141
0 1 1
0.2
4.77098 1.11941 -4.68696
0 1 1
0.2
4.77496 1.11087 -4.6825
0 1 1
0.2
4.77496 1.11087 -4.6825
0 1 1
0.2
4.78292 1.09379 -4.6736
0 1 1
0.2
4.79088 1.0767 -4.66469
0 1 1
0.2
4.8068 1.04254 -4.64689
0 1 1
0.2
4.81078 1.034 -4.64243
0 1 1
0.2
4.83466 0.982752 -4.61572
0 1 1
0.2
4.85058 0.948587 -4.59791
0 1 1
0.2
4.85854 0.931504 -4.589
0 1 1
0.2
4.88641 0.871716 -4.55784
0 1 1
0.2
4.90631 0.82901 -4.53558
0 1 1
0.2
4.93417 0.769221 -4.50441
0 1 1
0.2
4.95009 0.735057 -4.4866
0 1 1
0.2
4.97397 0.683809 -4.45989
0 1 1
0.2
4.97397 0.683809 -4.45989
0 1 1
0.2
4.97397 0.683809 -4.45989
0 1 1
0.2
4.97795 0.675268 -4.45544
0 1 1
0.2
4.97795 0.675268 -4.45544
0 1 1
0.2
4.97795 0.675268 -4.45544
0 1 1
0.2
4.97795 0.675268 -4.45544
0 1 1
0.2
4.97795 0.675268 -4.45544
0 1 1
0.2
4.97795 0.675268 -4.45544
0 1 1
0.2
4.97795 0.675268 -4.45544
0 1 1
0.2
4.97795 0.675268 -4.45544
0 1 1
0.2
4.97795 0.675268 -4.45544
0 1 1
0.2
4.97795 0.675268 -4.45544
0 1 1
0.2
4.97795 0.675268 -4.45544
0 1 1
0.2
4.97795 0.675268 -4.45544
0 1 1
0.2
4.97795 0.675268 -4.45544
0 1 1
0.2
4.97795 0.675268 -4.45544
0 1 1
0.2
4.97795 0.675268 -4.45544
0 1 1
0.2
4.97795 0.675268 -4.45544
0 1 1
0.2
4.97795 0.675268 -4.45544
0 1 1
0.2
4.94962 0.682598 -4.44047
0 1 1
0.2
4.92528 0.681386 -4.42105
0 1 1
0.2
4.92114 0.672441 -4.41013
0 1 1
0.2
4.917 0.663496 -4.39921
0 1 1
0.2
4.92083 0.637468 -4.37938
0 1 1
0.2
4.92481 0.628927 -4.37492
0 1 1
0.2
4.93261 0.594358 -4.35064
0 1 1
0.2
4.94058 0.577276 -4.34174
0 1 1
0.2
4.94854 0.560193 -4.33283
0 1 1
0.2
4.95252 0.551652 -4.32838
0 1 1
0.2
4.96048 0.53457 -4.31948
0 1 1
0.2
4.97242 0.508946 -4.30612
0 1 1
0.2
4.98038 0.491864 -4.29721
0 1 1
0.2
5.00028 0.449158 -4.27495
0 1 1
0.2
5.02416 0.39791 -4.24824
0 1 1
0.2
5.05202 0.338122 -4.21707
0 1 1
0.2
5.0759 0.286875 -4.19036
0 1 1
0.2
5.09978 0.235627 -4.16364
0 1 1
0.2
5.10774 0.218545 -4.15474
0 1 1
0.2
5.11969 0.192921 -4.14138
0 1 1
0.2
5.1598 0.142482 -4.12761
0 1 1
0.2
5.22012 0.0843089 -4.12234
0 1 1
0.2
5.2806 0.0436222 -4.13244
0 1 1
0.2
5.2927 0.0354849 -4.13446
0 1 1
0.2
5.2927 0.0354849 -4.13446
0 1 1
0.2
5.30066 0.0184025 -4.12555
0 1 1
0.2
5.32852 -0.041386 -4.09438
0 1 1
0.2
5.36832 -0.126798 -4.04986
0 1 1
0.2
5.37964 -0.222367 -3.975
0 1 1
0.2
5.37153 -0.222771 -3.96852
0 1 1
0.2
5.37153 -0.222771 -3.96852
0 1 1
0.2
5.36724 -0.249202 -3.94222
0 1 1
0.2
5.36677 -0.301661 -3.89609
0 1 1
0.2
5.35834 -0.337038 -3.85887
0 1 1
0.2
5.35819 -0.354524 -3.84349
0 1 1
0.2
5.35788 -0.389497 -3.81274
0 1 1
0.2
5.36186 -0.398038 -3.80828
0 1 1
0.2
5.36966 -0.432606 -3.784
0 1 1
0.2
5.37349 -0.458634 -3.76417
0 1 1
0.2
5.36522 -0.476524 -3.74232
0 1 1
0.2
5.36522 -0.476524 -3.74232
0 1 1
0.2
5.3571 -0.476928 -3.73585
0 1 1
0.2
5.35312 -0.468387 -3.7403
0 1 1
0.2
5.34118 -0.442763 -3.75366
0 1 1
0.2
5.33337 -0.408195 -3.77794
0 1 1
0.2
5.32143 -0.382571 -3.7913
0 1 1
0.2
4.57716 0.305752 -3.83076
0 1 1
0.2
4.57716 0.305752 -3.83076
0 1 1
0.2
4.57716 0.305752 -3.83076
0 1 1
0.2
4.57716 0.305752 -3.83076
0 1 1
0.2
4.57716 0.305752 -3.83076
0 1 1
0.2
4.57716 0.305752 -3.83076
0 1 1
0.2
4.57716 0.305752 -3.83076
0 1 1
0.2
4.57716 0.305752 -3.83076
0 1 1
0.2
4.57716 0.305752 -3.83076
0 1 1
0.2
4.57716 0.305752 -3.83076
0 1 1
0.2
4.57716 0.305752 -3.83076
0 1 1
0.2
4.63397 0.308579 -3.87606
0 1 1
0.2
4.65021 0.309387 -3.88901
0 1 1
0.2
4.65832 0.309791 -3.89548
0 1 1
0.2
4.66644 0.310195 -3.90195
0 1 1
0.2
4.67853 0.302057 -3.90397
0 1 1
0.2
4.69063 0.29392 -3.90599
0 1 1
0.2
4.69875 0.294324 -3.91247
0 1 1
0.2
4.70686 0.294728 -3.91894
0 1 1
0.2
4.72707 0.286994 -3.92743
0 1 1
0.2
4.74729 0.279261 -3.93592
0 1 1
0.2
4.75938 0.271123 -3.93794
0 1 1
0.2
4.77148 0.262986 -3.93996
0 1 1
0.2
4.78771 0.263794 -3.95291
0 1 1
0.2
4.80792 0.25606 -3.9614
0 1 1
0.2
4.80792 0.25606 -3.9614
0 1 1
0.2
4.80792 0.25606 -3.9614
0 1 1
0.2
4.82813 0.248327 -3.96989
0 1 1
0.2
4.84437 0.249135 -3.98283
0 1 1
0.2
4.87269 0.241805 -3.9978
0 1 1
0.2
4.89704 0.243017 -4.01722
0 1 1
0.2
4.92951 0.244632 -4.0431
0 1 1
0.2
4.93762 0.245036 -4.04958
0 1 1
0.2
4.94574 0.24544 -4.05605
0 1 1
0.2
4.94574 0.24544 -4.05605
0 1 1
0.2
4.94574 0.24544 -4.05605
0 1 1
0.2
4.94574 0.24544 -4.05605
0 1 1
0.2
4.94574 0.24544 -4.05605
0 1 1
0.2
4.94574 0.24544 -4.05605
0 1 1
0.2
4.94972 0.236899 -4.0516
0 1 1
0.2
4.94972 0.236899 -4.0516
0 1 1
